81 1.000000 1.000000 3.000000 3.000000 3.000000 1.000000 1.000000 1.000000 3.000000 3.000000 3.000000 3.000000 5.000000 5.000000 5.000000 5.000000 5.000000 5.000000 6.000000 13.000000 13.000000 13.000000 23.000000 23.000000 23.000000 23.000000 19.000000 13.000000 19.000000 23.000000 23.000000 13.000000 23.000000 23.000000 13.000000 20.000000 23.000000 23.000000 14.000000 23.000000 23.000000 23.000000 23.000000 14.000000 14.000000 14.000000 14.000000 23.000000 22.000000 22.000000 22.000000 22.000000 23.000000 23.000000 23.000000 13.000000 26.000000 26.000000 26.000000 26.000000 26.000000 26.000000 26.000000 2.000000 2.000000 2.000000 2.000000 2.000000 2.000000 2.000000 2.000000 2.000000 2.000000 2.000000 2.000000 26.000000 26.000000 13.000000 13.000000 13.000000 9.000000 
79 1.000000 1.000000 1.000000 3.000000 3.000000 3.000000 3.000000 3.000000 3.000000 3.000000 3.000000 3.000000 3.000000 3.000000 3.000000 3.000000 3.000000 3.000000 3.000000 3.000000 3.000000 2.000000 11.000000 13.000000 13.000000 11.000000 13.000000 13.000000 13.000000 13.000000 17.000000 13.000000 13.000000 13.000000 17.000000 14.000000 14.000000 11.000000 12.000000 12.000000 11.000000 11.000000 14.000000 14.000000 14.000000 14.000000 14.000000 14.000000 14.000000 14.000000 23.000000 23.000000 23.000000 23.000000 21.000000 22.000000 21.000000 21.000000 21.000000 21.000000 21.000000 21.000000 21.000000 21.000000 21.000000 21.000000 21.000000 21.000000 21.000000 21.000000 21.000000 21.000000 21.000000 21.000000 21.000000 21.000000 21.000000 21.000000 21.000000 
91 1.000000 3.000000 5.000000 5.000000 3.000000 5.000000 5.000000 5.000000 5.000000 5.000000 3.000000 5.000000 5.000000 5.000000 3.000000 3.000000 3.000000 3.000000 3.000000 3.000000 3.000000 3.000000 2.000000 9.000000 9.000000 9.000000 9.000000 9.000000 9.000000 9.000000 9.000000 9.000000 16.000000 16.000000 16.000000 16.000000 16.000000 16.000000 16.000000 16.000000 16.000000 16.000000 16.000000 16.000000 16.000000 16.000000 16.000000 16.000000 16.000000 16.000000 16.000000 16.000000 16.000000 16.000000 16.000000 16.000000 11.000000 16.000000 15.000000 15.000000 14.000000 21.000000 21.000000 21.000000 23.000000 23.000000 18.000000 22.000000 18.000000 18.000000 21.000000 21.000000 21.000000 21.000000 21.000000 21.000000 21.000000 21.000000 21.000000 2.000000 2.000000 2.000000 2.000000 2.000000 25.000000 2.000000 2.000000 21.000000 21.000000 26.000000 21.000000 
82 2.000000 2.000000 2.000000 2.000000 2.000000 2.000000 2.000000 2.000000 1.000000 1.000000 3.000000 3.000000 1.000000 3.000000 3.000000 3.000000 3.000000 3.000000 3.000000 3.000000 3.000000 3.000000 3.000000 3.000000 3.000000 3.000000 3.000000 3.000000 25.000000 9.000000 9.000000 9.000000 9.000000 9.000000 9.000000 9.000000 9.000000 9.000000 16.000000 19.000000 19.000000 16.000000 17.000000 16.000000 16.000000 16.000000 16.000000 16.000000 16.000000 16.000000 16.000000 16.000000 11.000000 16.000000 16.000000 16.000000 11.000000 11.000000 11.000000 11.000000 17.000000 16.000000 16.000000 16.000000 16.000000 15.000000 21.000000 21.000000 21.000000 23.000000 23.000000 13.000000 23.000000 23.000000 13.000000 2.000000 13.000000 2.000000 2.000000 2.000000 23.000000 2.000000 
100 5.000000 1.000000 1.000000 1.000000 1.000000 5.000000 3.000000 5.000000 5.000000 5.000000 1.000000 1.000000 3.000000 3.000000 3.000000 3.000000 3.000000 3.000000 3.000000 3.000000 3.000000 3.000000 3.000000 3.000000 2.000000 11.000000 13.000000 11.000000 11.000000 11.000000 13.000000 13.000000 23.000000 14.000000 14.000000 14.000000 14.000000 14.000000 14.000000 14.000000 14.000000 19.000000 14.000000 14.000000 14.000000 23.000000 14.000000 23.000000 24.000000 14.000000 23.000000 14.000000 23.000000 13.000000 19.000000 14.000000 14.000000 15.000000 14.000000 14.000000 19.000000 22.000000 21.000000 22.000000 21.000000 21.000000 23.000000 21.000000 21.000000 21.000000 21.000000 23.000000 23.000000 13.000000 21.000000 21.000000 21.000000 21.000000 21.000000 21.000000 21.000000 21.000000 21.000000 21.000000 21.000000 21.000000 21.000000 2.000000 21.000000 21.000000 23.000000 23.000000 23.000000 23.000000 23.000000 2.000000 23.000000 21.000000 23.000000 2.000000 
61 1.000000 1.000000 1.000000 3.000000 3.000000 3.000000 3.000000 3.000000 3.000000 3.000000 3.000000 3.000000 2.000000 9.000000 9.000000 9.000000 9.000000 9.000000 9.000000 9.000000 9.000000 9.000000 9.000000 9.000000 9.000000 9.000000 16.000000 9.000000 9.000000 16.000000 16.000000 16.000000 16.000000 16.000000 16.000000 16.000000 16.000000 16.000000 11.000000 15.000000 13.000000 13.000000 13.000000 13.000000 13.000000 13.000000 13.000000 13.000000 23.000000 23.000000 13.000000 13.000000 13.000000 13.000000 16.000000 16.000000 16.000000 11.000000 16.000000 14.000000 14.000000 
14 2.000000 2.000000 2.000000 2.000000 2.000000 2.000000 4.000000 4.000000 4.000000 4.000000 2.000000 2.000000 2.000000 2.000000 
10 2.000000 2.000000 2.000000 2.000000 2.000000 2.000000 2.000000 2.000000 2.000000 2.000000 
61 3.000000 5.000000 5.000000 5.000000 5.000000 5.000000 5.000000 2.000000 13.000000 2.000000 13.000000 11.000000 11.000000 14.000000 14.000000 14.000000 14.000000 14.000000 14.000000 14.000000 23.000000 23.000000 23.000000 14.000000 23.000000 14.000000 23.000000 20.000000 23.000000 14.000000 14.000000 23.000000 14.000000 23.000000 23.000000 23.000000 14.000000 14.000000 14.000000 14.000000 14.000000 14.000000 14.000000 14.000000 14.000000 14.000000 22.000000 14.000000 15.000000 21.000000 21.000000 21.000000 21.000000 21.000000 2.000000 21.000000 21.000000 21.000000 2.000000 2.000000 21.000000 
17 2.000000 2.000000 27.000000 2.000000 2.000000 3.000000 2.000000 1.000000 2.000000 2.000000 2.000000 2.000000 2.000000 2.000000 2.000000 2.000000 2.000000 
10 2.000000 2.000000 2.000000 3.000000 3.000000 2.000000 2.000000 2.000000 2.000000 2.000000 
15 2.000000 2.000000 2.000000 3.000000 2.000000 2.000000 2.000000 2.000000 2.000000 2.000000 2.000000 2.000000 2.000000 2.000000 2.000000 
10 2.000000 2.000000 2.000000 2.000000 2.000000 2.000000 2.000000 2.000000 2.000000 3.000000 
105 1.000000 1.000000 1.000000 1.000000 1.000000 1.000000 1.000000 3.000000 3.000000 1.000000 3.000000 3.000000 3.000000 3.000000 3.000000 3.000000 3.000000 3.000000 5.000000 5.000000 5.000000 2.000000 13.000000 13.000000 13.000000 13.000000 23.000000 23.000000 23.000000 23.000000 23.000000 20.000000 14.000000 14.000000 12.000000 12.000000 14.000000 14.000000 14.000000 14.000000 14.000000 14.000000 14.000000 14.000000 12.000000 12.000000 14.000000 12.000000 14.000000 24.000000 14.000000 14.000000 14.000000 12.000000 14.000000 14.000000 14.000000 14.000000 14.000000 14.000000 15.000000 14.000000 23.000000 18.000000 22.000000 22.000000 21.000000 21.000000 21.000000 21.000000 21.000000 21.000000 21.000000 21.000000 21.000000 21.000000 21.000000 21.000000 21.000000 21.000000 13.000000 21.000000 21.000000 21.000000 21.000000 21.000000 21.000000 21.000000 21.000000 21.000000 21.000000 21.000000 2.000000 21.000000 21.000000 21.000000 21.000000 21.000000 21.000000 21.000000 21.000000 13.000000 21.000000 21.000000 21.000000 
93 5.000000 3.000000 5.000000 5.000000 5.000000 5.000000 5.000000 1.000000 3.000000 2.000000 3.000000 3.000000 2.000000 2.000000 2.000000 2.000000 9.000000 9.000000 9.000000 9.000000 13.000000 13.000000 13.000000 13.000000 13.000000 13.000000 23.000000 23.000000 23.000000 13.000000 15.000000 13.000000 13.000000 13.000000 23.000000 13.000000 13.000000 13.000000 23.000000 23.000000 13.000000 13.000000 13.000000 13.000000 13.000000 14.000000 14.000000 23.000000 23.000000 14.000000 14.000000 15.000000 14.000000 13.000000 21.000000 21.000000 21.000000 21.000000 21.000000 21.000000 21.000000 21.000000 21.000000 21.000000 21.000000 21.000000 21.000000 21.000000 21.000000 21.000000 21.000000 21.000000 21.000000 21.000000 21.000000 2.000000 21.000000 21.000000 21.000000 21.000000 21.000000 21.000000 21.000000 21.000000 21.000000 21.000000 21.000000 21.000000 21.000000 21.000000 21.000000 21.000000 21.000000 
85 1.000000 5.000000 5.000000 1.000000 5.000000 5.000000 3.000000 3.000000 3.000000 3.000000 3.000000 3.000000 3.000000 3.000000 3.000000 3.000000 3.000000 3.000000 2.000000 13.000000 2.000000 13.000000 13.000000 13.000000 13.000000 13.000000 11.000000 11.000000 14.000000 14.000000 23.000000 14.000000 15.000000 14.000000 15.000000 14.000000 14.000000 14.000000 15.000000 14.000000 14.000000 14.000000 14.000000 22.000000 14.000000 20.000000 14.000000 14.000000 14.000000 24.000000 23.000000 14.000000 20.000000 23.000000 23.000000 21.000000 21.000000 21.000000 21.000000 21.000000 21.000000 21.000000 21.000000 21.000000 21.000000 21.000000 21.000000 21.000000 21.000000 21.000000 21.000000 21.000000 21.000000 21.000000 21.000000 21.000000 21.000000 21.000000 21.000000 21.000000 21.000000 21.000000 21.000000 21.000000 2.000000 
62 2.000000 3.000000 3.000000 3.000000 3.000000 3.000000 3.000000 3.000000 3.000000 3.000000 3.000000 3.000000 3.000000 3.000000 3.000000 3.000000 3.000000 3.000000 3.000000 3.000000 3.000000 3.000000 3.000000 3.000000 3.000000 3.000000 3.000000 11.000000 13.000000 13.000000 11.000000 11.000000 11.000000 11.000000 14.000000 4.000000 23.000000 23.000000 23.000000 23.000000 23.000000 23.000000 23.000000 23.000000 23.000000 23.000000 23.000000 23.000000 23.000000 23.000000 23.000000 20.000000 14.000000 24.000000 14.000000 24.000000 23.000000 23.000000 14.000000 29.000000 14.000000 14.000000 
60 3.000000 3.000000 3.000000 1.000000 1.000000 3.000000 3.000000 3.000000 3.000000 3.000000 3.000000 3.000000 3.000000 3.000000 3.000000 3.000000 3.000000 3.000000 3.000000 3.000000 3.000000 3.000000 3.000000 3.000000 3.000000 3.000000 2.000000 2.000000 9.000000 11.000000 11.000000 11.000000 11.000000 11.000000 13.000000 11.000000 11.000000 11.000000 11.000000 14.000000 15.000000 15.000000 14.000000 14.000000 15.000000 14.000000 14.000000 14.000000 15.000000 14.000000 23.000000 13.000000 23.000000 14.000000 14.000000 14.000000 14.000000 14.000000 14.000000 14.000000 
98 3.000000 1.000000 3.000000 3.000000 3.000000 3.000000 3.000000 3.000000 3.000000 3.000000 3.000000 3.000000 3.000000 3.000000 3.000000 25.000000 3.000000 9.000000 9.000000 9.000000 9.000000 9.000000 9.000000 9.000000 9.000000 9.000000 9.000000 15.000000 15.000000 15.000000 15.000000 15.000000 15.000000 15.000000 15.000000 15.000000 15.000000 15.000000 15.000000 15.000000 15.000000 15.000000 15.000000 26.000000 15.000000 15.000000 15.000000 15.000000 15.000000 15.000000 15.000000 15.000000 14.000000 26.000000 27.000000 26.000000 27.000000 14.000000 14.000000 23.000000 23.000000 21.000000 21.000000 21.000000 21.000000 2.000000 21.000000 21.000000 21.000000 2.000000 21.000000 21.000000 26.000000 2.000000 21.000000 21.000000 2.000000 2.000000 2.000000 2.000000 21.000000 21.000000 21.000000 2.000000 2.000000 21.000000 21.000000 2.000000 21.000000 21.000000 21.000000 21.000000 21.000000 21.000000 21.000000 21.000000 21.000000 21.000000 
64 1.000000 3.000000 3.000000 3.000000 3.000000 3.000000 3.000000 3.000000 3.000000 3.000000 3.000000 3.000000 3.000000 3.000000 3.000000 3.000000 3.000000 3.000000 3.000000 3.000000 2.000000 13.000000 13.000000 13.000000 13.000000 13.000000 13.000000 13.000000 13.000000 13.000000 13.000000 13.000000 15.000000 15.000000 15.000000 23.000000 15.000000 23.000000 13.000000 13.000000 13.000000 13.000000 13.000000 13.000000 13.000000 13.000000 19.000000 13.000000 23.000000 13.000000 23.000000 14.000000 23.000000 13.000000 23.000000 22.000000 22.000000 21.000000 23.000000 21.000000 21.000000 21.000000 21.000000 21.000000 
