1755.921325 
3445.259101 
4476.585343 
4700.649942 
4590.609231 
4029.103200 
4012.980329 
3750.429577 
3370.891173 
2884.062166 
2602.590796 
2517.821487 
2009.784848 
1638.141807 
1207.226384 
1008.516276 
893.719269 
767.634541 
626.233230 
710.015860 
924.413047 
976.680222 
837.635202 
630.337340 
368.021853 
217.446859 
213.991060 
233.750944 
234.434740 
232.808093 
200.627439 
161.054344 
113.940644 
109.788021 
154.437869 
172.196139 
173.974058 
169.887833 
121.689445 
103.742891 
95.913813 
75.709172 
74.171635 
80.522046 
97.450639 
109.944426 
132.103784 
183.915763 
174.252739 
164.979946 
149.215537 
81.323955 
92.486940 
121.048204 
109.078592 
102.592139 
98.736525 
85.022640 
95.044832 
121.203252 
140.977429 
137.914521 
150.867330 
122.006216 
140.481406 
133.265350 
107.022385 
128.561570 
80.578110 
75.672308 
97.485742 
98.208344 
91.495993 
113.841013 
114.891202 
111.939969 
124.173541 
103.689262 
104.870701 
105.497160 
116.258535 
134.288398 
128.890792 
117.691615 
90.206287 
73.469987 
70.176948 
85.566282 
107.944948 
142.420357 
163.397337 
182.586557 
168.284013 
133.780871 
102.173126 
104.634695 
145.230993 
186.240390 
216.026245 
218.398289 
250.140880 
242.192414 
245.829128 
216.528227 
155.671785 
192.567550 
219.896138 
261.888351 
271.195087 
202.277313 
147.453439 
119.750748 
138.951389 
158.776279 
168.304349 
143.700980 
109.114301 
86.096559 
107.254303 
163.880946 
203.228061 
214.065560 
188.700367 
134.530309 
128.000711 
130.268041 
136.339188 
143.405469 
118.823130 
167.059354 
311.930419 
361.352010 
377.997966 
368.365707 
253.670275 
204.557028 
188.255123 
198.229305 
2072.045406 
18324.578163 
27869.763903 
44921.689913 
64500.719488 
53879.144961 
63072.252481 
62013.058319 
47298.260969 
58163.219646 
55023.617027 
57735.589900 
73110.763093 
91463.029417 
106051.056214 
121474.518678 
143742.063736 
155950.236219 
175195.744522 
195007.633142 
203624.265613 
248933.795106 
288810.833394 
281482.415166 
262856.089383 
199266.318237 
181077.298812 
177562.846023 
178214.575389 
179621.346269 
141334.340301 
134272.430744 
127988.248037 
129409.952402 
130531.376216 
114251.809578 
108536.960223 
99990.523352 
97060.974180 
99692.340422 
105037.496275 
102445.831515 
101661.425721 
96345.521412 
94628.604791 
98012.887386 
96040.963388 
94882.297793 
97023.903321 
96152.713478 
86476.128868 
93186.714219 
87048.379266 
80553.990157 
74068.222580 
67226.558790 
53105.170806 
41326.688414 
40173.553769 
32782.289669 
25396.023621 
20808.846130 
12997.433789 
6158.963803 
9680.054297 
105844.684207 
395134.821488 
775391.455396 
1074275.409100 
1173863.450233 
1099739.553110 
956212.420844 
751603.322751 
685505.938131 
536947.738318 
341045.756249 
266899.776985 
149946.510745 
92228.326168 
68331.872242 
48475.660601 
32795.348060 
27655.728596 
23618.272488 
18071.034909 
16989.310956 
14802.381089 
7552.700366 
11252.816988 
15799.049519 
15047.745859 
14515.044552 
9003.397360 
2747.043987 
1565.296716 
987.897497 
707.614296 
575.613620 
476.061970 
366.263579 
323.272600 
250.084278 
203.929717 
237.643755 
314.481933 
300.797429 
270.998475 
224.116736 
175.358758 
223.737645 
266.110658 
279.720274 
236.586519 
192.169530 
148.795992 
125.926122 
100.718264 
104.837579 
102.378224 
107.958874 
128.386641 
159.887872 
177.259014 
196.782178 
189.424917 
133.479298 
122.336787 
132.397083 
160.219804 
209.614307 
218.536350 
187.463669 
176.047310 
240.567961 
364.039362 
400.623828 
404.037862 
301.751752 
188.499589 
244.305995 
320.843276 
337.883771 
372.023405 
316.265731 
213.531371 
248.620998 
355.585137 
405.385169 
496.293063 
518.875060 
372.003394 
297.714214 
416.837015 
451.238258 
484.907313 
537.466146 
331.465767 
214.027738 
219.410478 
263.070090 
315.649952 
310.628994 
243.955121 
198.460406 
154.933390 
178.494994 
312.638598 
294.837886 
292.385974 
312.608200 
173.106436 
143.463917 
171.228100 
174.718108 
172.104673 
157.247302 
110.391617 
73.072646 
121.317445 
151.636608 
176.662357 
185.313181 
155.294056 
121.341471 
104.164073 
184.013057 
285.153248 
370.529180 
425.967501 
350.427982 
261.822973 
191.231960 
170.876053 
154.830771 
136.917071 
150.061005 
128.348426 
117.045056 
118.096629 
101.671743 
123.207263 
156.546861 
162.452702 
166.659700 
143.832042 
133.432229 
122.359211 
117.426612 
117.260705 
96.841429 
87.725711 
88.538139 
85.667369 
89.822346 
99.979269 
95.445287 
112.007975 
111.915648 
114.593042 
115.203521 
104.712051 
222.423761 
401.117507 
503.843699 
524.609715 
421.765371 
272.816502 
250.476540 
291.799487 
309.445559 
313.128980 
244.409927 
243.369576 
273.240641 
286.746886 
302.714735 
243.460956 
197.801156 
206.451498 
215.213255 
248.810229 
295.915020 
273.409929 
228.515877 
177.244317 
172.494311 
203.568258 
197.250443 
207.003473 
148.050257 
80.416914 
155.750451 
236.142971 
316.072317 
340.381039 
325.267341 
249.261388 
190.804833 
260.402545 
276.026415 
334.224315 
337.852121 
292.096396 
246.812116 
177.382255 
184.121107 
186.877774 
184.914379 
182.761087 
160.516849 
148.518191 
187.980799 
332.225890 
462.520945 
450.364882 
380.291345 
230.059763 
149.159958 
219.867748 
315.616666 
331.429279 
311.045181 
224.394614 
203.833941 
363.352422 
613.566414 
642.503763 
580.103953 
460.253774 
368.249183 
847.829883 
1276.479143 
1463.002687 
1409.559572 
878.127266 
540.879724 
494.034690 
542.007172 
796.205669 
919.377298 
816.494179 
629.414281 
422.509537 
318.347496 
447.938524 
765.507244 
949.396880 
864.926631 
654.447844 
423.094466 
445.743256 
749.389654 
1030.364461 
1069.554692 
848.597174 
529.493066 
310.485778 
389.608131 
456.717456 
467.795263 
384.432610 
223.759997 
251.941800 
344.824278 
476.822328 
457.447216 
342.657700 
240.345430 
168.627885 
285.863895 
585.475204 
760.913793 
790.058928 
662.759412 
371.274187 
235.291693 
365.284274 
612.770419 
781.695190 
740.473860 
552.356240 
475.386903 
605.155366 
921.119259 
1139.350214 
1036.707098 
734.577524 
430.401691 
257.224773 
307.907812 
405.219522 
441.204028 
391.620610 
306.169045 
302.227811 
311.671680 
322.369999 
344.427971 
254.572467 
195.329311 
270.217253 
316.443106 
453.951109 
535.412820 
445.332658 
335.497332 
186.071925 
120.268000 
109.328820 
172.463329 
188.368271 
151.239267 
150.727737 
161.488808 
254.470464 
330.270385 
402.191341 
370.402496 
269.156916 
246.624288 
252.311570 
275.025385 
374.328794 
395.472021 
304.432758 
254.417634 
199.514109 
258.771587 
369.895572 
447.772255 
403.039137 
282.907705 
197.844687 
194.807156 
277.670557 
293.853679 
281.761837 
202.786573 
133.462283 
111.606254 
102.606963 
118.794722 
112.787123 
112.249176 
130.664898 
99.381218 
87.934848 
96.077850 
71.959997 
90.143265 
103.889559 
135.900408 
194.955944 
237.628247 
251.457213 
204.756130 
151.673947 
105.175633 
82.190269 
95.874627 
93.582037 
89.854680 
100.276836 
90.374028 
111.298802 
114.419574 
93.230875 
88.206399 
66.286865 
60.983984 
75.356890 
76.014599 
88.937279 
142.207041 
143.728823 
142.590874 
142.914826 
79.863813 
78.107188 
103.583571 
131.219159 
139.951529 
149.787681 
167.971438 
146.694268 
137.462758 
114.988471 
140.169575 
150.896599 
185.455621 
219.552891 
161.579649 
138.874295 
115.790759 
108.255762 
152.827728 
