40 16.000000 15.000000 15.000000 13.000000 15.000000 15.000000 13.000000 13.000000 13.000000 13.000000 13.000000 13.000000 1.000000 1.000000 1.000000 1.000000 1.000000 1.000000 1.000000 1.000000 1.000000 3.000000 3.000000 3.000000 3.000000 3.000000 3.000000 3.000000 3.000000 3.000000 3.000000 3.000000 3.000000 3.000000 3.000000 3.000000 3.000000 3.000000 3.000000 3.000000 
84 2.000000 27.000000 2.000000 27.000000 27.000000 27.000000 27.000000 2.000000 2.000000 2.000000 26.000000 2.000000 2.000000 25.000000 25.000000 27.000000 27.000000 28.000000 15.000000 14.000000 23.000000 4.000000 15.000000 15.000000 15.000000 15.000000 15.000000 26.000000 26.000000 26.000000 26.000000 16.000000 16.000000 16.000000 16.000000 26.000000 16.000000 11.000000 26.000000 26.000000 26.000000 26.000000 15.000000 15.000000 15.000000 15.000000 15.000000 15.000000 15.000000 15.000000 28.000000 28.000000 28.000000 28.000000 28.000000 4.000000 26.000000 26.000000 26.000000 26.000000 26.000000 26.000000 26.000000 15.000000 15.000000 26.000000 11.000000 13.000000 9.000000 9.000000 26.000000 2.000000 2.000000 2.000000 2.000000 13.000000 2.000000 2.000000 2.000000 1.000000 3.000000 1.000000 1.000000 1.000000 
62 15.000000 15.000000 15.000000 21.000000 15.000000 15.000000 22.000000 22.000000 22.000000 15.000000 15.000000 15.000000 15.000000 15.000000 15.000000 15.000000 15.000000 15.000000 15.000000 15.000000 15.000000 15.000000 15.000000 11.000000 11.000000 11.000000 2.000000 9.000000 2.000000 2.000000 2.000000 2.000000 2.000000 2.000000 2.000000 2.000000 2.000000 2.000000 2.000000 3.000000 1.000000 3.000000 3.000000 3.000000 3.000000 3.000000 3.000000 3.000000 1.000000 1.000000 1.000000 3.000000 3.000000 1.000000 3.000000 3.000000 3.000000 3.000000 3.000000 3.000000 4.000000 4.000000 
45 26.000000 26.000000 26.000000 26.000000 26.000000 23.000000 21.000000 23.000000 11.000000 9.000000 10.000000 10.000000 2.000000 2.000000 2.000000 2.000000 2.000000 2.000000 13.000000 2.000000 2.000000 2.000000 2.000000 2.000000 3.000000 3.000000 3.000000 3.000000 3.000000 3.000000 3.000000 3.000000 3.000000 3.000000 3.000000 3.000000 3.000000 3.000000 3.000000 4.000000 4.000000 7.000000 3.000000 3.000000 3.000000 
62 25.000000 25.000000 25.000000 25.000000 25.000000 26.000000 26.000000 26.000000 15.000000 26.000000 26.000000 15.000000 26.000000 26.000000 11.000000 9.000000 9.000000 9.000000 2.000000 2.000000 2.000000 2.000000 2.000000 2.000000 2.000000 3.000000 3.000000 3.000000 3.000000 3.000000 3.000000 3.000000 3.000000 3.000000 3.000000 3.000000 3.000000 3.000000 3.000000 3.000000 3.000000 3.000000 3.000000 3.000000 4.000000 3.000000 3.000000 3.000000 4.000000 4.000000 4.000000 4.000000 4.000000 4.000000 4.000000 4.000000 4.000000 4.000000 4.000000 4.000000 4.000000 4.000000 
54 15.000000 15.000000 15.000000 15.000000 15.000000 15.000000 15.000000 15.000000 26.000000 13.000000 13.000000 13.000000 13.000000 15.000000 23.000000 15.000000 15.000000 15.000000 11.000000 11.000000 9.000000 9.000000 9.000000 2.000000 2.000000 2.000000 2.000000 2.000000 2.000000 2.000000 2.000000 2.000000 1.000000 1.000000 1.000000 3.000000 3.000000 3.000000 3.000000 3.000000 3.000000 3.000000 3.000000 3.000000 3.000000 3.000000 3.000000 3.000000 3.000000 3.000000 3.000000 3.000000 3.000000 1.000000 
86 15.000000 14.000000 14.000000 26.000000 14.000000 14.000000 26.000000 14.000000 14.000000 14.000000 14.000000 14.000000 11.000000 15.000000 14.000000 14.000000 14.000000 26.000000 26.000000 15.000000 15.000000 26.000000 15.000000 15.000000 15.000000 15.000000 15.000000 15.000000 15.000000 15.000000 15.000000 15.000000 15.000000 15.000000 15.000000 15.000000 15.000000 15.000000 15.000000 15.000000 15.000000 15.000000 11.000000 13.000000 13.000000 2.000000 2.000000 2.000000 2.000000 2.000000 1.000000 2.000000 1.000000 1.000000 1.000000 1.000000 1.000000 1.000000 3.000000 1.000000 3.000000 3.000000 3.000000 3.000000 3.000000 3.000000 5.000000 3.000000 3.000000 3.000000 3.000000 4.000000 4.000000 4.000000 4.000000 4.000000 4.000000 4.000000 4.000000 4.000000 7.000000 4.000000 4.000000 4.000000 4.000000 4.000000 
46 21.000000 26.000000 26.000000 26.000000 26.000000 26.000000 26.000000 26.000000 25.000000 26.000000 21.000000 21.000000 21.000000 21.000000 21.000000 15.000000 15.000000 11.000000 13.000000 13.000000 13.000000 13.000000 13.000000 2.000000 2.000000 2.000000 2.000000 2.000000 2.000000 2.000000 3.000000 2.000000 3.000000 3.000000 3.000000 3.000000 3.000000 3.000000 3.000000 3.000000 3.000000 3.000000 3.000000 3.000000 3.000000 3.000000 
51 15.000000 16.000000 14.000000 16.000000 9.000000 13.000000 13.000000 13.000000 2.000000 2.000000 2.000000 2.000000 2.000000 2.000000 2.000000 3.000000 2.000000 2.000000 3.000000 3.000000 3.000000 3.000000 3.000000 3.000000 3.000000 4.000000 4.000000 27.000000 3.000000 4.000000 4.000000 4.000000 4.000000 4.000000 4.000000 4.000000 4.000000 4.000000 4.000000 4.000000 4.000000 4.000000 4.000000 4.000000 4.000000 4.000000 4.000000 4.000000 4.000000 4.000000 4.000000 
42 11.000000 16.000000 9.000000 9.000000 9.000000 9.000000 13.000000 13.000000 9.000000 9.000000 2.000000 2.000000 2.000000 2.000000 2.000000 2.000000 2.000000 2.000000 2.000000 2.000000 2.000000 2.000000 3.000000 3.000000 3.000000 3.000000 3.000000 3.000000 3.000000 4.000000 4.000000 4.000000 4.000000 4.000000 3.000000 4.000000 4.000000 3.000000 3.000000 3.000000 4.000000 4.000000 
54 21.000000 15.000000 15.000000 15.000000 15.000000 15.000000 15.000000 15.000000 15.000000 21.000000 15.000000 15.000000 15.000000 9.000000 9.000000 15.000000 15.000000 15.000000 21.000000 21.000000 15.000000 11.000000 9.000000 9.000000 9.000000 13.000000 13.000000 13.000000 13.000000 13.000000 13.000000 2.000000 2.000000 2.000000 1.000000 1.000000 1.000000 2.000000 1.000000 1.000000 1.000000 1.000000 1.000000 3.000000 3.000000 3.000000 3.000000 3.000000 3.000000 3.000000 3.000000 3.000000 3.000000 3.000000 
50 15.000000 15.000000 26.000000 26.000000 26.000000 26.000000 26.000000 26.000000 13.000000 13.000000 13.000000 15.000000 15.000000 15.000000 11.000000 11.000000 11.000000 13.000000 13.000000 13.000000 2.000000 2.000000 2.000000 2.000000 2.000000 3.000000 3.000000 3.000000 1.000000 3.000000 3.000000 3.000000 3.000000 3.000000 3.000000 3.000000 3.000000 3.000000 3.000000 3.000000 3.000000 3.000000 4.000000 4.000000 4.000000 4.000000 4.000000 3.000000 3.000000 2.000000 
49 25.000000 25.000000 25.000000 2.000000 13.000000 13.000000 13.000000 13.000000 15.000000 15.000000 15.000000 15.000000 15.000000 10.000000 10.000000 26.000000 13.000000 13.000000 13.000000 13.000000 13.000000 2.000000 2.000000 3.000000 3.000000 3.000000 3.000000 1.000000 3.000000 3.000000 3.000000 3.000000 3.000000 3.000000 3.000000 3.000000 3.000000 3.000000 3.000000 4.000000 4.000000 3.000000 3.000000 3.000000 3.000000 3.000000 3.000000 3.000000 3.000000 
79 27.000000 15.000000 15.000000 15.000000 11.000000 11.000000 11.000000 11.000000 11.000000 10.000000 11.000000 11.000000 10.000000 26.000000 11.000000 11.000000 26.000000 26.000000 10.000000 10.000000 26.000000 26.000000 26.000000 15.000000 15.000000 15.000000 15.000000 15.000000 15.000000 15.000000 15.000000 15.000000 15.000000 26.000000 26.000000 26.000000 26.000000 26.000000 15.000000 15.000000 15.000000 11.000000 26.000000 26.000000 13.000000 13.000000 9.000000 2.000000 2.000000 2.000000 2.000000 2.000000 2.000000 2.000000 2.000000 2.000000 2.000000 2.000000 2.000000 2.000000 2.000000 2.000000 4.000000 2.000000 4.000000 2.000000 2.000000 4.000000 4.000000 4.000000 4.000000 4.000000 2.000000 2.000000 3.000000 4.000000 3.000000 3.000000 4.000000 
53 15.000000 15.000000 15.000000 15.000000 15.000000 26.000000 26.000000 26.000000 26.000000 26.000000 26.000000 15.000000 26.000000 26.000000 15.000000 15.000000 9.000000 15.000000 13.000000 9.000000 9.000000 9.000000 9.000000 2.000000 9.000000 2.000000 2.000000 2.000000 3.000000 2.000000 2.000000 2.000000 2.000000 3.000000 3.000000 3.000000 3.000000 3.000000 3.000000 3.000000 3.000000 3.000000 3.000000 3.000000 3.000000 3.000000 3.000000 3.000000 3.000000 3.000000 3.000000 3.000000 3.000000 
93 25.000000 25.000000 25.000000 25.000000 25.000000 25.000000 25.000000 25.000000 25.000000 25.000000 25.000000 25.000000 25.000000 2.000000 2.000000 2.000000 25.000000 25.000000 25.000000 25.000000 25.000000 2.000000 12.000000 4.000000 12.000000 11.000000 12.000000 12.000000 14.000000 16.000000 15.000000 15.000000 15.000000 28.000000 11.000000 11.000000 11.000000 11.000000 16.000000 11.000000 11.000000 11.000000 16.000000 11.000000 11.000000 11.000000 11.000000 26.000000 26.000000 15.000000 15.000000 15.000000 15.000000 15.000000 15.000000 15.000000 15.000000 15.000000 15.000000 15.000000 15.000000 15.000000 26.000000 15.000000 15.000000 26.000000 15.000000 15.000000 15.000000 26.000000 26.000000 26.000000 26.000000 2.000000 26.000000 2.000000 2.000000 2.000000 25.000000 25.000000 2.000000 2.000000 2.000000 2.000000 3.000000 4.000000 4.000000 4.000000 4.000000 4.000000 4.000000 4.000000 4.000000 
77 27.000000 27.000000 11.000000 27.000000 27.000000 11.000000 26.000000 27.000000 11.000000 26.000000 11.000000 26.000000 26.000000 26.000000 26.000000 26.000000 26.000000 15.000000 15.000000 15.000000 15.000000 15.000000 15.000000 15.000000 15.000000 15.000000 15.000000 15.000000 15.000000 15.000000 15.000000 26.000000 26.000000 26.000000 26.000000 26.000000 26.000000 26.000000 26.000000 26.000000 13.000000 26.000000 13.000000 2.000000 2.000000 2.000000 2.000000 2.000000 2.000000 2.000000 2.000000 2.000000 2.000000 2.000000 2.000000 2.000000 2.000000 2.000000 2.000000 4.000000 4.000000 3.000000 3.000000 3.000000 3.000000 3.000000 3.000000 3.000000 2.000000 2.000000 4.000000 2.000000 3.000000 3.000000 3.000000 3.000000 3.000000 
50 25.000000 25.000000 25.000000 25.000000 25.000000 25.000000 25.000000 25.000000 25.000000 26.000000 25.000000 26.000000 26.000000 26.000000 26.000000 15.000000 15.000000 15.000000 26.000000 26.000000 13.000000 13.000000 13.000000 13.000000 13.000000 13.000000 2.000000 3.000000 3.000000 3.000000 3.000000 3.000000 3.000000 3.000000 3.000000 3.000000 3.000000 3.000000 7.000000 3.000000 7.000000 4.000000 4.000000 3.000000 4.000000 3.000000 3.000000 3.000000 3.000000 1.000000 
64 26.000000 15.000000 26.000000 26.000000 15.000000 26.000000 26.000000 26.000000 26.000000 26.000000 26.000000 26.000000 26.000000 26.000000 26.000000 15.000000 15.000000 15.000000 26.000000 26.000000 26.000000 26.000000 13.000000 13.000000 2.000000 2.000000 2.000000 2.000000 1.000000 1.000000 3.000000 3.000000 3.000000 3.000000 3.000000 3.000000 3.000000 3.000000 3.000000 3.000000 3.000000 3.000000 3.000000 3.000000 3.000000 3.000000 3.000000 4.000000 3.000000 4.000000 4.000000 4.000000 4.000000 4.000000 4.000000 4.000000 4.000000 4.000000 4.000000 4.000000 4.000000 4.000000 4.000000 4.000000 
58 10.000000 15.000000 13.000000 13.000000 26.000000 26.000000 26.000000 26.000000 26.000000 26.000000 13.000000 13.000000 26.000000 15.000000 15.000000 15.000000 15.000000 11.000000 9.000000 9.000000 13.000000 13.000000 13.000000 13.000000 13.000000 9.000000 2.000000 2.000000 3.000000 3.000000 3.000000 3.000000 3.000000 3.000000 4.000000 4.000000 4.000000 4.000000 4.000000 4.000000 4.000000 4.000000 4.000000 4.000000 4.000000 4.000000 4.000000 4.000000 4.000000 4.000000 4.000000 4.000000 4.000000 4.000000 4.000000 4.000000 4.000000 27.000000 
