***********Printing pi****************
1 1.39896e-131 0 0 0 
***********Printing A***********
0.633467 0.366533 0 0 0 
0 0.79656 0.20344 0 0 
0 0 0.883926 0.116074 0 
0 0 0 0.95838 0.04162 
0 0 0 0 1 
***********Printing B***********
0.385723 0.075 1e-030 0.119231 0.214277 1e-030 0.0125 9e-031 9.5e-031 1e-030 0.0826923 1e-030 0.00384615 1e-030 1e-030 1e-030 1e-030 1e-030 1e-030 1e-030 0.025 1e-030 0.0125 1e-030 1e-030 1e-030 0.0442308 0.025 9e-031 1e-030 9e-031 1e-030 
0.55 0.05 1e-030 0.0340652 8e-031 1e-030 9.5e-031 0.0472222 7e-031 1e-030 9e-031 1e-030 9.5e-031 1e-030 0.0354206 9.5e-031 1e-030 1e-030 1e-030 1e-030 0.12803 1e-030 1e-030 1e-030 1e-030 1e-030 0.025 8.5e-031 0.0333333 0.0222222 0.0747062 1e-030 
4e-031 0.188686 1e-030 0.0457259 1e-030 1e-030 9.5e-031 9e-031 0.199898 1e-030 0.0214853 1e-030 0.17339 8e-031 0.0906559 0.0497556 1e-030 1e-030 1e-030 1e-030 0.00571895 1e-030 9.50001e-031 1e-030 9.5e-031 8.5e-031 0.0226311 0.0744541 9e-031 9.5e-031 0.127599 1e-030 
1e-030 0.0024414 1e-030 0.0123507 1e-030 1e-030 1e-030 9.5e-031 5.5e-031 1e-030 0.410519 1e-030 0.0096974 0.0385628 0.135757 0.0548305 1e-030 1e-030 0.00454545 1e-030 0.0122221 9.5e-031 0.00832899 1e-030 0.00273727 0.0460796 0.25781 0.00411806 1e-030 1e-030 7.5e-031 1e-030 
1e-030 0.00783204 1e-030 5.58296e-025 1e-030 1e-030 1e-030 1e-030 0.269662 0.00150959 0.0376015 1e-030 0.0241714 0.00377676 0.449224 0.00378788 1e-030 1e-030 4.33862e-013 1e-030 0.0499306 0.00740478 9.5e-031 1e-030 0.0147619 0.118285 0.00371088 0.00834189 1e-030 1e-030 1e-030 1e-030 
