***********Printing pi****************
1 1.24628e-319 0 0 0 
***********Printing A***********
0.643704 0.356296 0 0 0 
0 0.725872 0.274128 0 0 
0 0 0.555161 0.444839 0 
0 0 0 0.611127 0.388873 
0 0 0 0 1 
***********Printing B***********
9.5e-031 1e-030 0.05 0.0333333 1e-030 1e-030 1e-030 1e-030 9.5e-031 0.05 0.0557629 0.07 0.0458299 0.075 0.00714286 0.251781 0.135206 1e-030 0.0292772 1e-030 1e-030 1e-030 1e-030 0.05 1e-030 0.00833333 0.108333 9e-031 1e-030 1e-030 0.03 1e-030 
0.00315346 0.00714286 0.0968465 0.0478799 9.5e-031 1e-030 1e-030 1e-030 7e-031 0.055 0.179285 0.266493 0.00652251 0.0223654 9.5e-031 7e-031 0.0108694 1e-030 9.5e-031 1e-030 1e-030 1e-030 0.00362312 0.005 1e-030 9e-031 0.08169 0.0891683 0.005 1e-030 0.11996 1e-030 
0.0042066 0.016067 0.0457934 2.21286e-030 0.05 1e-030 1e-030 1e-030 0.233176 6.50026e-031 0.179062 0.0141805 0.0655143 0.162853 0.00666667 0.0276355 1e-030 1e-030 1e-030 1e-030 1e-030 1e-030 0.00666667 1e-030 0.05 0.0166667 0.116966 8.5e-031 1e-030 1e-030 0.00454545 1e-030 
8e-031 0.247361 0.05 0.0192591 0.0741027 1e-030 1e-030 1e-030 0.040713 0.0893354 0.16021 0.0374617 9.5e-031 8e-031 1e-030 9.5e-031 1e-030 1e-030 1e-030 1e-030 1e-030 1e-030 2.46943e-019 1e-030 0.00625 0.03 0.235361 0.00994588 1e-030 1e-030 9.5e-031 1e-030 
0.158655 0.0236374 0.532054 0.0729715 0.0117334 1e-030 0.00666767 1e-030 0.00596778 0.0108959 0.0392731 9.5e-031 1e-030 0.00315066 0.00572474 9.5e-031 1e-030 1e-030 0.0106683 1e-030 0.0039496 1e-030 1e-030 1e-030 0.00427724 9.5e-031 0.104072 1e-030 1e-030 1e-030 0.00630133 1e-030 
