***********Printing pi****************
1 1.55066e-168 0 0 0 
***********Printing A***********
0.471116 0.528884 0 0 0 
0 0.677163 0.322837 0 0 
0 0 0.58495 0.41505 0 
0 0 0 0.762858 0.237142 
0 0 0 0 1 
***********Printing B***********
1e-030 0.1 0.05 0.250881 1e-030 1e-030 8.5e-031 1e-030 1e-030 1e-030 0.025 0.00599926 0.0375 0.191796 1e-030 1e-030 1e-030 1e-030 1e-030 1e-030 1e-030 1e-030 9.5e-031 0.00612274 1e-030 1e-030 0.189101 0.0559993 1e-030 1e-030 0.087601 1e-030 
1e-030 0.00423239 0.143867 0.357253 1e-030 1e-030 0.0130791 1e-030 1e-030 9.5e-031 0.121756 0.0916667 9.5e-031 0.00324447 1e-030 9.5e-031 1e-030 1e-030 1e-030 1e-030 1e-030 1e-030 9.5e-031 0.0124069 9.5e-031 1e-030 0.024172 0.0524947 1e-030 1e-030 0.175829 1e-030 
1e-030 0.0527266 0.05 0.311119 1e-030 1e-030 0.0177791 1e-030 1e-030 0.00772488 0.00384615 8.5e-031 0.0202998 0.165863 9.5e-031 0.04 1e-030 1e-030 1e-030 1e-030 1e-030 1e-030 9.5e-031 1e-030 0.05 1e-030 0.149872 0.130769 1e-030 1e-030 7.5e-031 1e-030 
1e-030 0.0596263 0.378809 0.127095 0.0219335 1e-030 0.0726996 1e-030 1e-030 1e-030 1e-030 9.5e-031 5.07312e-020 0.0630486 0.0152135 9.5e-031 1e-030 1e-030 1e-030 1e-030 1e-030 1e-030 0.0231171 1e-030 1e-030 1e-030 0.138458 8e-031 9.5e-031 1e-030 0.1 1e-030 
1e-030 8.5e-031 0.00547037 0.599685 1e-030 1e-030 0.0554054 1e-030 1e-030 1e-030 1e-030 1e-030 1e-030 0.0111824 9.5e-031 1e-030 1e-030 1e-030 1e-030 1e-030 1e-030 1e-030 9.5e-031 1e-030 1e-030 1e-030 0.0108241 0.064224 0.00537909 0.00166888 0.24616 1e-030 
