***********Printing pi****************
1 0 0 0 0 
***********Printing A***********
0.185709 0.814291 0 0 0 
0 0.539436 0.460564 0 0 
0 0 0.931207 0.0687931 0 
0 0 0 0.886729 0.113271 
0 0 0 0 1 
***********Printing B***********
1e-030 0.05 1e-030 0.7 1e-030 9.60102e-018 7.5e-031 0.05 1e-030 1e-030 1e-030 1e-030 1e-030 1e-030 1e-030 1e-030 1e-030 1e-030 1e-030 1e-030 1e-030 0.05 0.025 1e-030 9.5e-031 1e-030 0.05 1e-030 0.075 1e-030 1e-030 1e-030 
1e-030 0.0166667 0.0125 0.069041 1.19724e-030 0.199592 0.278554 1e-030 1e-030 1e-030 1e-030 1e-030 1e-030 1e-030 1e-030 1e-030 1e-030 1e-030 1e-030 1e-030 1e-030 1e-030 9.50009e-031 1e-030 0.031114 1e-030 1e-030 1e-030 0.392532 1e-030 1e-030 1e-030 
8e-031 0.0025813 0.266799 0.080757 0.131495 6.5e-031 0.518368 1e-030 1e-030 1e-030 1e-030 1e-030 1e-030 1e-030 1e-030 1e-030 1e-030 1e-030 1e-030 1e-030 1e-030 1e-030 1e-030 1e-030 8.5e-031 1e-030 9e-031 1e-030 7.5e-031 1e-030 1e-030 1e-030 
0.0360152 0.10319 0.752709 0.0270122 5.5e-031 8.5e-031 0.00946835 1e-030 0.00172414 4.71698e-022 9.5e-031 1e-030 8e-031 1e-030 1e-030 1e-030 1e-030 1e-030 1e-030 1e-030 1e-030 1e-030 1e-030 1e-030 0.00533547 1e-030 0.0645456 1e-030 9e-031 1e-030 1e-030 1e-030 
0.0113411 0.214373 0.0569449 0.190624 0.0534917 0.0409264 9e-031 1e-030 0.0852196 0.0697124 0.0471481 0.00625 0.0651369 1e-030 1e-030 1e-030 1e-030 1e-030 1e-030 1e-030 1e-030 1e-030 1e-030 1e-030 1e-030 1e-030 0.0811742 1e-030 0.0776584 1e-030 1e-030 1e-030 
