***********Printing pi****************
1 5.4779e-173 0 0 0 
***********Printing A***********
0.577447 0.422553 0 0 0 
0 0.789213 0.210787 0 0 
0 0 0.730046 0.269954 0 
0 0 0 0.924439 0.0755609 
0 0 0 0 1 
***********Printing B***********
1e-030 0.177171 8.5e-031 0.025 1e-030 1e-030 1e-030 1e-030 0.301546 0.0843311 0.111953 0.025 0.1625 0.05 0.0125 9.5e-031 1e-030 1e-030 1e-030 1e-030 1e-030 1e-030 0.05 1e-030 1e-030 1e-030 1e-030 1e-030 1e-030 1e-030 1e-030 1e-030 
1e-030 0.0347188 0.113339 0.0139093 1e-030 1e-030 1e-030 1e-030 0.141829 0.213604 0.128611 7.5e-031 0.232122 8.5e-031 6e-031 8.5e-031 1e-030 1e-030 1e-030 1e-030 1e-030 1e-030 0.080071 1e-030 0.0198951 1e-030 1e-030 0.00799198 1e-030 1e-030 0.0139093 1e-030 
1e-030 0.0178753 8.5e-031 9.5e-031 1e-030 1e-030 1e-030 1e-030 6.50002e-031 7.5e-031 0.102234 0.1647 0.252627 8e-031 0.253027 5.50014e-031 1e-030 1e-030 1e-030 1e-030 1e-030 1e-030 8.5e-031 1e-030 0.10154 0.0601909 1e-030 0.0478055 1e-030 1e-030 9.5e-031 1e-030 
1e-030 8.5e-031 9.5e-031 1e-030 1e-030 1e-030 1e-030 1e-030 0.107566 9e-031 0.138535 7e-031 0.43629 0.0527937 0.0240776 0.158241 1e-030 1e-030 0.0225917 1e-030 9.5e-031 1e-030 1e-030 1e-030 9e-031 0.0599054 9.5e-031 1.60364e-014 1e-030 1e-030 1e-030 1e-030 
1e-030 0.00424717 1e-030 1e-030 1e-030 1e-030 1e-030 1e-030 0.0685634 0.00159189 0.00454809 1e-030 0.0416771 0.00683147 0.371259 0.23683 1e-030 1e-030 0.0801594 1e-030 0.122785 1e-030 0.0444714 1e-030 1e-030 0.0146476 0.00238783 9e-031 1e-030 1e-030 1e-030 1e-030 
