h1trial0
sample1
************Reading sample 1 for word suresh Iteartion 0************ 
training\suresh_1.txt9 9 9 9 9 9 9 9 9 9 9 9 9 9 9 9 9 9 9 3 9 3 9 9 9 9 9 9 9 9 9 9 9 11 12 12 11 13 13 13 13 13 13 13 13 13 13 13 13 13 13 13 13 13 14 27 27 14 14 27 10 10 9 9 26 9 16 15 16 16 16 15 16 16 16 16 16 19 16 16 16 16 16 16 16 16 16 16 16 16 16 16 15 15 15 23 15 23 21 15 15 15 21 23 23 21 21 21 23 23 23 23 23 23 23 23 23 23 
************starting rec************ 
************completed************ 
sample2
************Reading sample 2 for word suresh Iteartion 0************ 
training\suresh_2.txt2 2 2 2 2 2 2 2 2 2 2 9 9 9 9 9 10 10 9 10 10 9 9 9 9 9 9 9 9 9 9 9 9 9 9 9 9 9 9 9 11 12 11 13 13 13 13 13 13 13 13 13 13 13 13 13 13 13 13 13 11 14 11 11 16 14 16 15 9 9 15 16 9 15 16 9 16 9 9 16 16 16 16 16 16 19 16 16 16 16 16 19 16 16 16 16 16 16 16 16 16 19 15 21 21 21 23 23 
************starting rec************ 
************completed************ 
sample3
************Reading sample 3 for word suresh Iteartion 0************ 
training\suresh_3.txt10 10 10 10 10 10 9 9 2 10 11 28 15 13 13 15 15 13 13 13 13 13 13 26 13 26 13 9 9 13 9 9 26 16 13 13 13 13 15 13 13 9 9 9 9 9 9 9 9 9 9 9 9 16 16 16 16 16 16 16 16 16 16 16 16 16 16 16 15 15 19 15 15 15 15 15 15 15 15 15 15 15 15 26 15 15 15 21 15 15 15 15 15 15 21 21 21 15 15 15 15 15 
************starting rec************ 
************completed************ 
sample4
************Reading sample 4 for word suresh Iteartion 0************ 
training\suresh_4.txt2 2 2 9 9 11 11 15 15 13 13 13 13 13 13 13 13 13 13 13 13 13 13 13 16 9 16 14 13 19 19 14 16 16 14 16 16 9 9 16 9 9 16 16 9 9 16 9 9 9 9 16 16 16 16 16 16 16 16 16 16 16 16 16 16 16 16 15 15 16 15 15 21 15 15 15 15 15 15 15 15 15 21 15 15 21 21 21 21 21 21 21 15 15 15 15 15 
************starting rec************ 
************completed************ 
sample5
************Reading sample 5 for word suresh Iteartion 0************ 
training\suresh_5.txt4 14 13 13 13 13 13 13 13 13 13 13 13 13 13 13 13 9 11 11 11 14 14 16 16 13 13 26 9 9 9 9 9 9 9 9 9 9 9 9 9 9 9 16 9 9 16 16 16 16 16 16 16 16 16 16 16 16 15 15 19 15 15 15 21 21 21 21 21 21 21 21 21 23 23 15 21 21 21 21 21 21 26 26 26 21 21 
************starting rec************ 
************completed************ 
sample6
************Reading sample 6 for word suresh Iteartion 0************ 
training\suresh_6.txt13 15 14 14 11 11 11 13 11 13 13 13 13 13 13 13 13 13 16 16 14 16 14 16 19 13 13 15 13 15 15 9 9 9 9 9 16 9 9 16 15 9 16 16 16 16 19 16 19 19 16 16 19 16 16 19 19 19 15 15 15 15 15 15 15 15 15 15 15 15 15 15 21 21 21 21 15 21 21 21 21 21 21 21 21 21 21 21 21 21 
************starting rec************ 
************completed************ 
sample7
************Reading sample 7 for word suresh Iteartion 0************ 
training\suresh_7.txt23 13 23 13 13 13 15 15 13 13 13 13 13 13 13 13 15 15 16 13 15 15 15 15 15 15 13 13 15 15 9 9 9 13 9 15 13 13 13 16 9 16 16 16 19 19 16 19 19 16 19 19 19 19 15 15 15 15 15 15 15 15 15 15 19 21 23 15 15 13 15 15 23 23 23 13 13 13 13 23 23 23 21 21 21 21 21 21 21 21 15 
************starting rec************ 
************completed************ 
sample8
************Reading sample 8 for word suresh Iteartion 0************ 
training\suresh_8.txt13 13 13 13 13 13 13 13 13 13 16 9 16 16 16 16 14 14 14 14 16 19 15 16 19 15 15 16 16 16 16 16 16 9 16 16 16 16 16 16 16 16 19 16 16 19 19 16 16 16 16 16 16 19 19 13 19 19 19 19 19 15 15 21 15 15 15 15 23 23 15 15 15 15 15 15 15 15 15 19 9 9 19 9 19 9 9 19 19 9 
************starting rec************ 
************completed************ 
sample9
************Reading sample 9 for word suresh Iteartion 0************ 
training\suresh_9.txt9 9 10 10 10 10 10 10 10 10 10 10 10 12 12 11 11 16 13 11 13 11 11 11 13 15 15 15 11 15 16 11 16 16 16 19 15 13 13 15 13 15 15 16 9 16 16 9 16 16 9 16 16 16 9 16 16 16 16 16 16 16 16 16 16 15 15 15 15 15 15 15 15 15 15 15 15 15 15 15 15 15 15 15 15 15 15 13 13 13 13 11 11 13 13 13 13 15 15 26 26 15 26 26 15 15 15 15 26 26 15 
************starting rec************ 
************completed************ 
sample10
************Reading sample 10 for word suresh Iteartion 0************ 
training\suresh_10.txt9 9 9 9 9 9 9 9 9 9 3 3 3 25 3 25 25 25 25 25 25 25 25 25 25 25 25 25 25 2 25 2 28 28 13 13 13 13 13 13 13 13 13 13 13 15 15 13 15 15 15 13 16 15 15 19 19 19 15 15 15 15 11 9 16 16 9 16 16 9 16 16 16 15 16 16 16 16 16 16 16 16 16 16 16 16 16 16 19 15 15 19 19 19 19 19 19 15 15 15 15 23 23 23 21 23 21 23 23 23 23 15 23 23 15 15 15 15 15 15 15 15 15 15 15 15 21 21 15 15 15 15 13 
************starting rec************ 
************completed************ 
sample11
************Reading sample 11 for word suresh Iteartion 0************ 
training\suresh_11.txt13 13 26 13 13 13 13 13 13 13 13 13 13 13 13 13 13 16 16 16 19 19 19 19 19 13 13 13 13 13 9 13 9 9 9 9 9 13 9 19 13 13 19 19 16 19 19 19 19 19 19 19 15 15 15 15 15 15 15 15 15 15 15 15 23 15 15 9 19 19 19 15 21 19 21 9 9 2 21 21 2 21 21 21 21 21 21 
************starting rec************ 
************completed************ 
sample12
************Reading sample 12 for word suresh Iteartion 0************ 
training\suresh_12.txt11 12 23 13 13 15 15 15 15 15 11 15 15 13 13 15 15 15 15 11 11 26 26 15 19 13 19 15 19 13 15 15 15 15 15 13 13 16 13 9 9 9 13 19 13 19 19 13 16 19 16 19 19 16 16 19 16 19 19 15 19 15 15 15 15 21 21 21 21 21 21 21 21 21 21 21 21 21 21 21 21 21 21 21 21 21 21 15 15 15 15 15 
************starting rec************ 
************completed************ 
sample13
************Reading sample 13 for word suresh Iteartion 0************ 
training\suresh_13.txt2 2 2 2 2 2 11 2 11 10 10 10 10 9 10 10 10 10 3 3 3 3 3 3 3 3 3 3 3 3 3 3 3 2 11 11 12 16 14 14 13 13 13 13 13 13 26 13 13 13 13 13 13 11 9 9 9 16 16 16 16 14 26 9 26 9 9 9 9 9 9 9 9 9 9 9 9 16 16 16 16 16 16 15 16 16 15 19 19 15 15 15 15 15 15 15 15 15 15 15 15 15 21 21 21 21 21 21 21 21 23 
************starting rec************ 
************completed************ 
sample14
************Reading sample 14 for word suresh Iteartion 0************ 
training\suresh_14.txt13 23 23 15 13 15 15 13 13 26 26 13 26 26 13 13 13 13 13 16 16 11 14 13 15 19 16 15 15 15 13 15 15 9 9 16 9 9 16 16 16 16 16 16 9 16 9 16 13 13 13 19 16 16 19 19 19 19 15 15 15 19 15 19 15 15 15 15 21 21 21 21 21 21 21 21 21 21 21 23 23 23 23 23 23 13 13 21 21 26 2 2 26 26 26 9 9 
************starting rec************ 
************completed************ 
sample15
************Reading sample 15 for word suresh Iteartion 0************ 
training\suresh_15.txt9 2 9 9 9 9 9 9 9 9 9 2 2 4 31 15 15 15 15 15 13 15 15 13 13 26 11 13 11 11 9 11 11 26 15 11 16 16 15 13 15 9 9 16 16 9 9 16 16 9 16 16 16 19 16 16 16 16 16 16 19 19 16 19 19 15 19 15 15 15 15 15 15 15 15 15 15 13 21 19 19 19 19 13 13 13 15 15 21 21 15 15 15 15 21 21 15 15 
************starting rec************ 
************completed************ 
sample16
************Reading sample 16 for word suresh Iteartion 0************ 
training\suresh_16.txt9 9 9 11 11 11 11 11 11 15 13 13 15 15 13 13 15 26 13 13 13 13 16 16 11 26 14 16 16 16 16 15 14 16 15 9 9 16 16 9 9 16 16 16 16 16 16 16 16 16 16 16 16 16 16 16 16 16 16 16 16 16 16 15 19 15 15 15 15 15 14 15 15 15 15 15 15 15 15 15 15 15 15 15 15 19 9 9 9 9 9 9 15 15 15 15 15 15 15 15 15 15 15 15 13 13 15 15 
************starting rec************ 
************completed************ 
sample17
************Reading sample 17 for word suresh Iteartion 0************ 
training\suresh_17.txt2 11 11 11 11 9 9 9 10 10 10 10 10 10 10 10 10 10 10 10 3 3 3 3 9 3 25 25 25 25 25 25 25 12 12 28 13 13 13 13 13 13 13 13 13 13 13 15 15 15 15 16 11 15 15 11 15 15 13 13 15 13 15 15 15 9 16 15 16 16 16 16 9 16 16 16 16 16 16 9 19 19 16 16 16 16 15 19 16 19 15 15 15 15 15 15 15 15 15 19 16 16 16 15 15 15 15 15 15 15 
************starting rec************ 
************completed************ 
sample18
************Reading sample 18 for word suresh Iteartion 0************ 
training\suresh_18.txt2 2 10 10 11 10 11 11 11 10 11 10 10 10 10 10 10 10 10 10 10 10 10 10 10 10 10 10 10 10 10 10 10 10 28 28 15 15 13 13 13 13 11 13 13 11 15 11 15 15 16 16 16 14 16 19 19 19 19 15 15 13 15 15 15 13 15 15 15 15 15 15 19 15 15 15 15 15 21 15 15 15 15 15 15 15 15 21 15 15 15 15 15 15 15 15 13 23 23 23 23 15 15 15 15 15 15 15 15 21 23 23 13 23 23 21 21 21 13 13 
************starting rec************ 
************completed************ 
sample19
************Reading sample 19 for word suresh Iteartion 0************ 
training\suresh_19.txt10 9 3 3 3 3 3 3 3 3 3 3 10 10 10 25 10 3 3 3 25 25 10 10 10 10 25 25 25 25 28 12 12 13 11 11 11 11 11 11 11 11 16 16 16 16 16 16 16 16 16 16 11 16 16 16 16 16 16 16 16 16 13 13 13 13 13 13 13 13 13 16 13 15 9 9 9 15 9 9 13 16 16 16 16 16 16 16 16 16 16 16 15 15 14 15 15 23 15 15 15 15 15 23 23 
************starting rec************ 
************completed************ 
sample20
************Reading sample 20 for word suresh Iteartion 0************ 
training\suresh_20.txt11 10 2 10 10 10 10 10 10 10 10 10 12 12 11 11 13 11 13 16 11 11 11 11 11 11 11 11 9 9 16 16 16 16 16 16 16 13 13 13 13 13 13 13 9 9 9 9 9 9 9 9 16 16 16 16 16 16 15 15 15 15 15 15 15 15 15 15 15 15 15 15 15 15 15 23 23 15 15 15 15 15 15 23 15 15 15 15 15 15 15 26 26 13 15 15 
************starting rec************ 
************completed************ 
************lambda saved************ 
trial1
sample1
************Reading sample 1 for word suresh Iteartion 1************ 
118 9 9 9 9 9 9 9 9 9 9 9 9 9 9 9 9 9 9 9 3 9 3 9 9 9 9 9 9 9 9 9 9 9 11 12 12 11 13 13 13 13 13 13 13 13 13 13 13 13 13 13 13 13 13 14 27 27 14 14 27 10 10 9 9 26 9 16 15 16 16 16 15 16 16 16 16 16 19 16 16 16 16 16 16 16 16 16 16 16 16 16 16 15 15 15 23 15 23 21 15 15 15 21 23 23 21 21 21 23 23 23 23 23 23 23 23 23 23 ************starting rec************ 
************completed************ 
sample2
************Reading sample 2 for word suresh Iteartion 1************ 
108 2 2 2 2 2 2 2 2 2 2 2 9 9 9 9 9 10 10 9 10 10 9 9 9 9 9 9 9 9 9 9 9 9 9 9 9 9 9 9 9 11 12 11 13 13 13 13 13 13 13 13 13 13 13 13 13 13 13 13 13 11 14 11 11 16 14 16 15 9 9 15 16 9 15 16 9 16 9 9 16 16 16 16 16 16 19 16 16 16 16 16 19 16 16 16 16 16 16 16 16 16 19 15 21 21 21 23 23 ************starting rec************ 
************completed************ 
sample3
************Reading sample 3 for word suresh Iteartion 1************ 
102 10 10 10 10 10 10 9 9 2 10 11 28 15 13 13 15 15 13 13 13 13 13 13 26 13 26 13 9 9 13 9 9 26 16 13 13 13 13 15 13 13 9 9 9 9 9 9 9 9 9 9 9 9 16 16 16 16 16 16 16 16 16 16 16 16 16 16 16 15 15 19 15 15 15 15 15 15 15 15 15 15 15 15 26 15 15 15 21 15 15 15 15 15 15 21 21 21 15 15 15 15 15 ************starting rec************ 
************completed************ 
sample4
************Reading sample 4 for word suresh Iteartion 1************ 
97 2 2 2 9 9 11 11 15 15 13 13 13 13 13 13 13 13 13 13 13 13 13 13 13 16 9 16 14 13 19 19 14 16 16 14 16 16 9 9 16 9 9 16 16 9 9 16 9 9 9 9 16 16 16 16 16 16 16 16 16 16 16 16 16 16 16 16 15 15 16 15 15 21 15 15 15 15 15 15 15 15 15 21 15 15 21 21 21 21 21 21 21 15 15 15 15 15 ************starting rec************ 
************completed************ 
sample5
************Reading sample 5 for word suresh Iteartion 1************ 
87 4 14 13 13 13 13 13 13 13 13 13 13 13 13 13 13 13 9 11 11 11 14 14 16 16 13 13 26 9 9 9 9 9 9 9 9 9 9 9 9 9 9 9 16 9 9 16 16 16 16 16 16 16 16 16 16 16 16 15 15 19 15 15 15 21 21 21 21 21 21 21 21 21 23 23 15 21 21 21 21 21 21 26 26 26 21 21 ************starting rec************ 
************completed************ 
sample6
************Reading sample 6 for word suresh Iteartion 1************ 
90 13 15 14 14 11 11 11 13 11 13 13 13 13 13 13 13 13 13 16 16 14 16 14 16 19 13 13 15 13 15 15 9 9 9 9 9 16 9 9 16 15 9 16 16 16 16 19 16 19 19 16 16 19 16 16 19 19 19 15 15 15 15 15 15 15 15 15 15 15 15 15 15 21 21 21 21 15 21 21 21 21 21 21 21 21 21 21 21 21 21 ************starting rec************ 
************completed************ 
sample7
************Reading sample 7 for word suresh Iteartion 1************ 
91 23 13 23 13 13 13 15 15 13 13 13 13 13 13 13 13 15 15 16 13 15 15 15 15 15 15 13 13 15 15 9 9 9 13 9 15 13 13 13 16 9 16 16 16 19 19 16 19 19 16 19 19 19 19 15 15 15 15 15 15 15 15 15 15 19 21 23 15 15 13 15 15 23 23 23 13 13 13 13 23 23 23 21 21 21 21 21 21 21 21 15 ************starting rec************ 
************completed************ 
sample8
************Reading sample 8 for word suresh Iteartion 1************ 
90 13 13 13 13 13 13 13 13 13 13 16 9 16 16 16 16 14 14 14 14 16 19 15 16 19 15 15 16 16 16 16 16 16 9 16 16 16 16 16 16 16 16 19 16 16 19 19 16 16 16 16 16 16 19 19 13 19 19 19 19 19 15 15 21 15 15 15 15 23 23 15 15 15 15 15 15 15 15 15 19 9 9 19 9 19 9 9 19 19 9 ************starting rec************ 
************completed************ 
sample9
************Reading sample 9 for word suresh Iteartion 1************ 
111 9 9 10 10 10 10 10 10 10 10 10 10 10 12 12 11 11 16 13 11 13 11 11 11 13 15 15 15 11 15 16 11 16 16 16 19 15 13 13 15 13 15 15 16 9 16 16 9 16 16 9 16 16 16 9 16 16 16 16 16 16 16 16 16 16 15 15 15 15 15 15 15 15 15 15 15 15 15 15 15 15 15 15 15 15 15 15 13 13 13 13 11 11 13 13 13 13 15 15 26 26 15 26 26 15 15 15 15 26 26 15 ************starting rec************ 
************completed************ 
sample10
************Reading sample 10 for word suresh Iteartion 1************ 
133 9 9 9 9 9 9 9 9 9 9 3 3 3 25 3 25 25 25 25 25 25 25 25 25 25 25 25 25 25 2 25 2 28 28 13 13 13 13 13 13 13 13 13 13 13 15 15 13 15 15 15 13 16 15 15 19 19 19 15 15 15 15 11 9 16 16 9 16 16 9 16 16 16 15 16 16 16 16 16 16 16 16 16 16 16 16 16 16 19 15 15 19 19 19 19 19 19 15 15 15 15 23 23 23 21 23 21 23 23 23 23 15 23 23 15 15 15 15 15 15 15 15 15 15 15 15 21 21 15 15 15 15 13 ************starting rec************ 
************completed************ 
sample11
************Reading sample 11 for word suresh Iteartion 1************ 
87 13 13 26 13 13 13 13 13 13 13 13 13 13 13 13 13 13 16 16 16 19 19 19 19 19 13 13 13 13 13 9 13 9 9 9 9 9 13 9 19 13 13 19 19 16 19 19 19 19 19 19 19 15 15 15 15 15 15 15 15 15 15 15 15 23 15 15 9 19 19 19 15 21 19 21 9 9 2 21 21 2 21 21 21 21 21 21 ************starting rec************ 
************completed************ 
sample12
************Reading sample 12 for word suresh Iteartion 1************ 
92 11 12 23 13 13 15 15 15 15 15 11 15 15 13 13 15 15 15 15 11 11 26 26 15 19 13 19 15 19 13 15 15 15 15 15 13 13 16 13 9 9 9 13 19 13 19 19 13 16 19 16 19 19 16 16 19 16 19 19 15 19 15 15 15 15 21 21 21 21 21 21 21 21 21 21 21 21 21 21 21 21 21 21 21 21 21 21 15 15 15 15 15 ************starting rec************ 
************completed************ 
sample13
************Reading sample 13 for word suresh Iteartion 1************ 
111 2 2 2 2 2 2 11 2 11 10 10 10 10 9 10 10 10 10 3 3 3 3 3 3 3 3 3 3 3 3 3 3 3 2 11 11 12 16 14 14 13 13 13 13 13 13 26 13 13 13 13 13 13 11 9 9 9 16 16 16 16 14 26 9 26 9 9 9 9 9 9 9 9 9 9 9 9 16 16 16 16 16 16 15 16 16 15 19 19 15 15 15 15 15 15 15 15 15 15 15 15 15 21 21 21 21 21 21 21 21 23 ************starting rec************ 
************completed************ 
sample14
************Reading sample 14 for word suresh Iteartion 1************ 
97 13 23 23 15 13 15 15 13 13 26 26 13 26 26 13 13 13 13 13 16 16 11 14 13 15 19 16 15 15 15 13 15 15 9 9 16 9 9 16 16 16 16 16 16 9 16 9 16 13 13 13 19 16 16 19 19 19 19 15 15 15 19 15 19 15 15 15 15 21 21 21 21 21 21 21 21 21 21 21 23 23 23 23 23 23 13 13 21 21 26 2 2 26 26 26 9 9 ************starting rec************ 
************completed************ 
sample15
************Reading sample 15 for word suresh Iteartion 1************ 
98 9 2 9 9 9 9 9 9 9 9 9 2 2 4 31 15 15 15 15 15 13 15 15 13 13 26 11 13 11 11 9 11 11 26 15 11 16 16 15 13 15 9 9 16 16 9 9 16 16 9 16 16 16 19 16 16 16 16 16 16 19 19 16 19 19 15 19 15 15 15 15 15 15 15 15 15 15 13 21 19 19 19 19 13 13 13 15 15 21 21 15 15 15 15 21 21 15 15 ************starting rec************ 
************completed************ 
sample16
************Reading sample 16 for word suresh Iteartion 1************ 
108 9 9 9 11 11 11 11 11 11 15 13 13 15 15 13 13 15 26 13 13 13 13 16 16 11 26 14 16 16 16 16 15 14 16 15 9 9 16 16 9 9 16 16 16 16 16 16 16 16 16 16 16 16 16 16 16 16 16 16 16 16 16 16 15 19 15 15 15 15 15 14 15 15 15 15 15 15 15 15 15 15 15 15 15 15 19 9 9 9 9 9 9 15 15 15 15 15 15 15 15 15 15 15 15 13 13 15 15 ************starting rec************ 
************completed************ 
sample17
************Reading sample 17 for word suresh Iteartion 1************ 
110 2 11 11 11 11 9 9 9 10 10 10 10 10 10 10 10 10 10 10 10 3 3 3 3 9 3 25 25 25 25 25 25 25 12 12 28 13 13 13 13 13 13 13 13 13 13 13 15 15 15 15 16 11 15 15 11 15 15 13 13 15 13 15 15 15 9 16 15 16 16 16 16 9 16 16 16 16 16 16 9 19 19 16 16 16 16 15 19 16 19 15 15 15 15 15 15 15 15 15 19 16 16 16 15 15 15 15 15 15 15 ************starting rec************ 
************completed************ 
sample18
************Reading sample 18 for word suresh Iteartion 1************ 
120 2 2 10 10 11 10 11 11 11 10 11 10 10 10 10 10 10 10 10 10 10 10 10 10 10 10 10 10 10 10 10 10 10 10 28 28 15 15 13 13 13 13 11 13 13 11 15 11 15 15 16 16 16 14 16 19 19 19 19 15 15 13 15 15 15 13 15 15 15 15 15 15 19 15 15 15 15 15 21 15 15 15 15 15 15 15 15 21 15 15 15 15 15 15 15 15 13 23 23 23 23 15 15 15 15 15 15 15 15 21 23 23 13 23 23 21 21 21 13 13 ************starting rec************ 
************completed************ 
sample19
************Reading sample 19 for word suresh Iteartion 1************ 
105 10 9 3 3 3 3 3 3 3 3 3 3 10 10 10 25 10 3 3 3 25 25 10 10 10 10 25 25 25 25 28 12 12 13 11 11 11 11 11 11 11 11 16 16 16 16 16 16 16 16 16 16 11 16 16 16 16 16 16 16 16 16 13 13 13 13 13 13 13 13 13 16 13 15 9 9 9 15 9 9 13 16 16 16 16 16 16 16 16 16 16 16 15 15 14 15 15 23 15 15 15 15 15 23 23 ************starting rec************ 
************completed************ 
sample20
************Reading sample 20 for word suresh Iteartion 1************ 
96 11 10 2 10 10 10 10 10 10 10 10 10 12 12 11 11 13 11 13 16 11 11 11 11 11 11 11 11 9 9 16 16 16 16 16 16 16 13 13 13 13 13 13 13 9 9 9 9 9 9 9 9 16 16 16 16 16 16 15 15 15 15 15 15 15 15 15 15 15 15 15 15 15 15 15 23 23 15 15 15 15 15 15 23 15 15 15 15 15 15 15 26 26 13 15 15 ************starting rec************ 
************completed************ 
************lambda saved************ 
trial2
sample1
************Reading sample 1 for word suresh Iteartion 2************ 
118 9 9 9 9 9 9 9 9 9 9 9 9 9 9 9 9 9 9 9 3 9 3 9 9 9 9 9 9 9 9 9 9 9 11 12 12 11 13 13 13 13 13 13 13 13 13 13 13 13 13 13 13 13 13 14 27 27 14 14 27 10 10 9 9 26 9 16 15 16 16 16 15 16 16 16 16 16 19 16 16 16 16 16 16 16 16 16 16 16 16 16 16 15 15 15 23 15 23 21 15 15 15 21 23 23 21 21 21 23 23 23 23 23 23 23 23 23 23 ************starting rec************ 
************completed************ 
sample2
************Reading sample 2 for word suresh Iteartion 2************ 
108 2 2 2 2 2 2 2 2 2 2 2 9 9 9 9 9 10 10 9 10 10 9 9 9 9 9 9 9 9 9 9 9 9 9 9 9 9 9 9 9 11 12 11 13 13 13 13 13 13 13 13 13 13 13 13 13 13 13 13 13 11 14 11 11 16 14 16 15 9 9 15 16 9 15 16 9 16 9 9 16 16 16 16 16 16 19 16 16 16 16 16 19 16 16 16 16 16 16 16 16 16 19 15 21 21 21 23 23 ************starting rec************ 
************completed************ 
sample3
************Reading sample 3 for word suresh Iteartion 2************ 
102 10 10 10 10 10 10 9 9 2 10 11 28 15 13 13 15 15 13 13 13 13 13 13 26 13 26 13 9 9 13 9 9 26 16 13 13 13 13 15 13 13 9 9 9 9 9 9 9 9 9 9 9 9 16 16 16 16 16 16 16 16 16 16 16 16 16 16 16 15 15 19 15 15 15 15 15 15 15 15 15 15 15 15 26 15 15 15 21 15 15 15 15 15 15 21 21 21 15 15 15 15 15 ************starting rec************ 
************completed************ 
sample4
************Reading sample 4 for word suresh Iteartion 2************ 
97 2 2 2 9 9 11 11 15 15 13 13 13 13 13 13 13 13 13 13 13 13 13 13 13 16 9 16 14 13 19 19 14 16 16 14 16 16 9 9 16 9 9 16 16 9 9 16 9 9 9 9 16 16 16 16 16 16 16 16 16 16 16 16 16 16 16 16 15 15 16 15 15 21 15 15 15 15 15 15 15 15 15 21 15 15 21 21 21 21 21 21 21 15 15 15 15 15 ************starting rec************ 
************completed************ 
sample5
************Reading sample 5 for word suresh Iteartion 2************ 
87 4 14 13 13 13 13 13 13 13 13 13 13 13 13 13 13 13 9 11 11 11 14 14 16 16 13 13 26 9 9 9 9 9 9 9 9 9 9 9 9 9 9 9 16 9 9 16 16 16 16 16 16 16 16 16 16 16 16 15 15 19 15 15 15 21 21 21 21 21 21 21 21 21 23 23 15 21 21 21 21 21 21 26 26 26 21 21 ************starting rec************ 
************completed************ 
sample6
************Reading sample 6 for word suresh Iteartion 2************ 
90 13 15 14 14 11 11 11 13 11 13 13 13 13 13 13 13 13 13 16 16 14 16 14 16 19 13 13 15 13 15 15 9 9 9 9 9 16 9 9 16 15 9 16 16 16 16 19 16 19 19 16 16 19 16 16 19 19 19 15 15 15 15 15 15 15 15 15 15 15 15 15 15 21 21 21 21 15 21 21 21 21 21 21 21 21 21 21 21 21 21 ************starting rec************ 
************completed************ 
sample7
************Reading sample 7 for word suresh Iteartion 2************ 
91 23 13 23 13 13 13 15 15 13 13 13 13 13 13 13 13 15 15 16 13 15 15 15 15 15 15 13 13 15 15 9 9 9 13 9 15 13 13 13 16 9 16 16 16 19 19 16 19 19 16 19 19 19 19 15 15 15 15 15 15 15 15 15 15 19 21 23 15 15 13 15 15 23 23 23 13 13 13 13 23 23 23 21 21 21 21 21 21 21 21 15 ************starting rec************ 
************completed************ 
sample8
************Reading sample 8 for word suresh Iteartion 2************ 
90 13 13 13 13 13 13 13 13 13 13 16 9 16 16 16 16 14 14 14 14 16 19 15 16 19 15 15 16 16 16 16 16 16 9 16 16 16 16 16 16 16 16 19 16 16 19 19 16 16 16 16 16 16 19 19 13 19 19 19 19 19 15 15 21 15 15 15 15 23 23 15 15 15 15 15 15 15 15 15 19 9 9 19 9 19 9 9 19 19 9 ************starting rec************ 
************completed************ 
sample9
************Reading sample 9 for word suresh Iteartion 2************ 
111 9 9 10 10 10 10 10 10 10 10 10 10 10 12 12 11 11 16 13 11 13 11 11 11 13 15 15 15 11 15 16 11 16 16 16 19 15 13 13 15 13 15 15 16 9 16 16 9 16 16 9 16 16 16 9 16 16 16 16 16 16 16 16 16 16 15 15 15 15 15 15 15 15 15 15 15 15 15 15 15 15 15 15 15 15 15 15 13 13 13 13 11 11 13 13 13 13 15 15 26 26 15 26 26 15 15 15 15 26 26 15 ************starting rec************ 
************completed************ 
sample10
************Reading sample 10 for word suresh Iteartion 2************ 
133 9 9 9 9 9 9 9 9 9 9 3 3 3 25 3 25 25 25 25 25 25 25 25 25 25 25 25 25 25 2 25 2 28 28 13 13 13 13 13 13 13 13 13 13 13 15 15 13 15 15 15 13 16 15 15 19 19 19 15 15 15 15 11 9 16 16 9 16 16 9 16 16 16 15 16 16 16 16 16 16 16 16 16 16 16 16 16 16 19 15 15 19 19 19 19 19 19 15 15 15 15 23 23 23 21 23 21 23 23 23 23 15 23 23 15 15 15 15 15 15 15 15 15 15 15 15 21 21 15 15 15 15 13 ************starting rec************ 
************completed************ 
sample11
************Reading sample 11 for word suresh Iteartion 2************ 
87 13 13 26 13 13 13 13 13 13 13 13 13 13 13 13 13 13 16 16 16 19 19 19 19 19 13 13 13 13 13 9 13 9 9 9 9 9 13 9 19 13 13 19 19 16 19 19 19 19 19 19 19 15 15 15 15 15 15 15 15 15 15 15 15 23 15 15 9 19 19 19 15 21 19 21 9 9 2 21 21 2 21 21 21 21 21 21 ************starting rec************ 
************completed************ 
sample12
************Reading sample 12 for word suresh Iteartion 2************ 
92 11 12 23 13 13 15 15 15 15 15 11 15 15 13 13 15 15 15 15 11 11 26 26 15 19 13 19 15 19 13 15 15 15 15 15 13 13 16 13 9 9 9 13 19 13 19 19 13 16 19 16 19 19 16 16 19 16 19 19 15 19 15 15 15 15 21 21 21 21 21 21 21 21 21 21 21 21 21 21 21 21 21 21 21 21 21 21 15 15 15 15 15 ************starting rec************ 
************completed************ 
sample13
************Reading sample 13 for word suresh Iteartion 2************ 
111 2 2 2 2 2 2 11 2 11 10 10 10 10 9 10 10 10 10 3 3 3 3 3 3 3 3 3 3 3 3 3 3 3 2 11 11 12 16 14 14 13 13 13 13 13 13 26 13 13 13 13 13 13 11 9 9 9 16 16 16 16 14 26 9 26 9 9 9 9 9 9 9 9 9 9 9 9 16 16 16 16 16 16 15 16 16 15 19 19 15 15 15 15 15 15 15 15 15 15 15 15 15 21 21 21 21 21 21 21 21 23 ************starting rec************ 
************completed************ 
sample14
************Reading sample 14 for word suresh Iteartion 2************ 
97 13 23 23 15 13 15 15 13 13 26 26 13 26 26 13 13 13 13 13 16 16 11 14 13 15 19 16 15 15 15 13 15 15 9 9 16 9 9 16 16 16 16 16 16 9 16 9 16 13 13 13 19 16 16 19 19 19 19 15 15 15 19 15 19 15 15 15 15 21 21 21 21 21 21 21 21 21 21 21 23 23 23 23 23 23 13 13 21 21 26 2 2 26 26 26 9 9 ************starting rec************ 
************completed************ 
sample15
************Reading sample 15 for word suresh Iteartion 2************ 
98 9 2 9 9 9 9 9 9 9 9 9 2 2 4 31 15 15 15 15 15 13 15 15 13 13 26 11 13 11 11 9 11 11 26 15 11 16 16 15 13 15 9 9 16 16 9 9 16 16 9 16 16 16 19 16 16 16 16 16 16 19 19 16 19 19 15 19 15 15 15 15 15 15 15 15 15 15 13 21 19 19 19 19 13 13 13 15 15 21 21 15 15 15 15 21 21 15 15 ************starting rec************ 
************completed************ 
sample16
************Reading sample 16 for word suresh Iteartion 2************ 
108 9 9 9 11 11 11 11 11 11 15 13 13 15 15 13 13 15 26 13 13 13 13 16 16 11 26 14 16 16 16 16 15 14 16 15 9 9 16 16 9 9 16 16 16 16 16 16 16 16 16 16 16 16 16 16 16 16 16 16 16 16 16 16 15 19 15 15 15 15 15 14 15 15 15 15 15 15 15 15 15 15 15 15 15 15 19 9 9 9 9 9 9 15 15 15 15 15 15 15 15 15 15 15 15 13 13 15 15 ************starting rec************ 
************completed************ 
sample17
************Reading sample 17 for word suresh Iteartion 2************ 
110 2 11 11 11 11 9 9 9 10 10 10 10 10 10 10 10 10 10 10 10 3 3 3 3 9 3 25 25 25 25 25 25 25 12 12 28 13 13 13 13 13 13 13 13 13 13 13 15 15 15 15 16 11 15 15 11 15 15 13 13 15 13 15 15 15 9 16 15 16 16 16 16 9 16 16 16 16 16 16 9 19 19 16 16 16 16 15 19 16 19 15 15 15 15 15 15 15 15 15 19 16 16 16 15 15 15 15 15 15 15 ************starting rec************ 
************completed************ 
sample18
************Reading sample 18 for word suresh Iteartion 2************ 
120 2 2 10 10 11 10 11 11 11 10 11 10 10 10 10 10 10 10 10 10 10 10 10 10 10 10 10 10 10 10 10 10 10 10 28 28 15 15 13 13 13 13 11 13 13 11 15 11 15 15 16 16 16 14 16 19 19 19 19 15 15 13 15 15 15 13 15 15 15 15 15 15 19 15 15 15 15 15 21 15 15 15 15 15 15 15 15 21 15 15 15 15 15 15 15 15 13 23 23 23 23 15 15 15 15 15 15 15 15 21 23 23 13 23 23 21 21 21 13 13 ************starting rec************ 
************completed************ 
sample19
************Reading sample 19 for word suresh Iteartion 2************ 
105 10 9 3 3 3 3 3 3 3 3 3 3 10 10 10 25 10 3 3 3 25 25 10 10 10 10 25 25 25 25 28 12 12 13 11 11 11 11 11 11 11 11 16 16 16 16 16 16 16 16 16 16 11 16 16 16 16 16 16 16 16 16 13 13 13 13 13 13 13 13 13 16 13 15 9 9 9 15 9 9 13 16 16 16 16 16 16 16 16 16 16 16 15 15 14 15 15 23 15 15 15 15 15 23 23 ************starting rec************ 
************completed************ 
sample20
************Reading sample 20 for word suresh Iteartion 2************ 
96 11 10 2 10 10 10 10 10 10 10 10 10 12 12 11 11 13 11 13 16 11 11 11 11 11 11 11 11 9 9 16 16 16 16 16 16 16 13 13 13 13 13 13 13 9 9 9 9 9 9 9 9 16 16 16 16 16 16 15 15 15 15 15 15 15 15 15 15 15 15 15 15 15 15 15 23 23 15 15 15 15 15 15 23 15 15 15 15 15 15 15 26 26 13 15 15 ************starting rec************ 
************completed************ 
************lambda saved************ 
trial3
sample1
************Reading sample 1 for word suresh Iteartion 3************ 
118 9 9 9 9 9 9 9 9 9 9 9 9 9 9 9 9 9 9 9 3 9 3 9 9 9 9 9 9 9 9 9 9 9 11 12 12 11 13 13 13 13 13 13 13 13 13 13 13 13 13 13 13 13 13 14 27 27 14 14 27 10 10 9 9 26 9 16 15 16 16 16 15 16 16 16 16 16 19 16 16 16 16 16 16 16 16 16 16 16 16 16 16 15 15 15 23 15 23 21 15 15 15 21 23 23 21 21 21 23 23 23 23 23 23 23 23 23 23 ************starting rec************ 
************completed************ 
sample2
************Reading sample 2 for word suresh Iteartion 3************ 
108 2 2 2 2 2 2 2 2 2 2 2 9 9 9 9 9 10 10 9 10 10 9 9 9 9 9 9 9 9 9 9 9 9 9 9 9 9 9 9 9 11 12 11 13 13 13 13 13 13 13 13 13 13 13 13 13 13 13 13 13 11 14 11 11 16 14 16 15 9 9 15 16 9 15 16 9 16 9 9 16 16 16 16 16 16 19 16 16 16 16 16 19 16 16 16 16 16 16 16 16 16 19 15 21 21 21 23 23 ************starting rec************ 
************completed************ 
sample3
************Reading sample 3 for word suresh Iteartion 3************ 
102 10 10 10 10 10 10 9 9 2 10 11 28 15 13 13 15 15 13 13 13 13 13 13 26 13 26 13 9 9 13 9 9 26 16 13 13 13 13 15 13 13 9 9 9 9 9 9 9 9 9 9 9 9 16 16 16 16 16 16 16 16 16 16 16 16 16 16 16 15 15 19 15 15 15 15 15 15 15 15 15 15 15 15 26 15 15 15 21 15 15 15 15 15 15 21 21 21 15 15 15 15 15 ************starting rec************ 
************completed************ 
sample4
************Reading sample 4 for word suresh Iteartion 3************ 
97 2 2 2 9 9 11 11 15 15 13 13 13 13 13 13 13 13 13 13 13 13 13 13 13 16 9 16 14 13 19 19 14 16 16 14 16 16 9 9 16 9 9 16 16 9 9 16 9 9 9 9 16 16 16 16 16 16 16 16 16 16 16 16 16 16 16 16 15 15 16 15 15 21 15 15 15 15 15 15 15 15 15 21 15 15 21 21 21 21 21 21 21 15 15 15 15 15 ************starting rec************ 
************completed************ 
sample5
************Reading sample 5 for word suresh Iteartion 3************ 
87 4 14 13 13 13 13 13 13 13 13 13 13 13 13 13 13 13 9 11 11 11 14 14 16 16 13 13 26 9 9 9 9 9 9 9 9 9 9 9 9 9 9 9 16 9 9 16 16 16 16 16 16 16 16 16 16 16 16 15 15 19 15 15 15 21 21 21 21 21 21 21 21 21 23 23 15 21 21 21 21 21 21 26 26 26 21 21 ************starting rec************ 
************completed************ 
sample6
************Reading sample 6 for word suresh Iteartion 3************ 
90 13 15 14 14 11 11 11 13 11 13 13 13 13 13 13 13 13 13 16 16 14 16 14 16 19 13 13 15 13 15 15 9 9 9 9 9 16 9 9 16 15 9 16 16 16 16 19 16 19 19 16 16 19 16 16 19 19 19 15 15 15 15 15 15 15 15 15 15 15 15 15 15 21 21 21 21 15 21 21 21 21 21 21 21 21 21 21 21 21 21 ************starting rec************ 
************completed************ 
sample7
************Reading sample 7 for word suresh Iteartion 3************ 
91 23 13 23 13 13 13 15 15 13 13 13 13 13 13 13 13 15 15 16 13 15 15 15 15 15 15 13 13 15 15 9 9 9 13 9 15 13 13 13 16 9 16 16 16 19 19 16 19 19 16 19 19 19 19 15 15 15 15 15 15 15 15 15 15 19 21 23 15 15 13 15 15 23 23 23 13 13 13 13 23 23 23 21 21 21 21 21 21 21 21 15 ************starting rec************ 
************completed************ 
sample8
************Reading sample 8 for word suresh Iteartion 3************ 
90 13 13 13 13 13 13 13 13 13 13 16 9 16 16 16 16 14 14 14 14 16 19 15 16 19 15 15 16 16 16 16 16 16 9 16 16 16 16 16 16 16 16 19 16 16 19 19 16 16 16 16 16 16 19 19 13 19 19 19 19 19 15 15 21 15 15 15 15 23 23 15 15 15 15 15 15 15 15 15 19 9 9 19 9 19 9 9 19 19 9 ************starting rec************ 
************completed************ 
sample9
************Reading sample 9 for word suresh Iteartion 3************ 
111 9 9 10 10 10 10 10 10 10 10 10 10 10 12 12 11 11 16 13 11 13 11 11 11 13 15 15 15 11 15 16 11 16 16 16 19 15 13 13 15 13 15 15 16 9 16 16 9 16 16 9 16 16 16 9 16 16 16 16 16 16 16 16 16 16 15 15 15 15 15 15 15 15 15 15 15 15 15 15 15 15 15 15 15 15 15 15 13 13 13 13 11 11 13 13 13 13 15 15 26 26 15 26 26 15 15 15 15 26 26 15 ************starting rec************ 
************completed************ 
sample10
************Reading sample 10 for word suresh Iteartion 3************ 
133 9 9 9 9 9 9 9 9 9 9 3 3 3 25 3 25 25 25 25 25 25 25 25 25 25 25 25 25 25 2 25 2 28 28 13 13 13 13 13 13 13 13 13 13 13 15 15 13 15 15 15 13 16 15 15 19 19 19 15 15 15 15 11 9 16 16 9 16 16 9 16 16 16 15 16 16 16 16 16 16 16 16 16 16 16 16 16 16 19 15 15 19 19 19 19 19 19 15 15 15 15 23 23 23 21 23 21 23 23 23 23 15 23 23 15 15 15 15 15 15 15 15 15 15 15 15 21 21 15 15 15 15 13 ************starting rec************ 
************completed************ 
sample11
************Reading sample 11 for word suresh Iteartion 3************ 
87 13 13 26 13 13 13 13 13 13 13 13 13 13 13 13 13 13 16 16 16 19 19 19 19 19 13 13 13 13 13 9 13 9 9 9 9 9 13 9 19 13 13 19 19 16 19 19 19 19 19 19 19 15 15 15 15 15 15 15 15 15 15 15 15 23 15 15 9 19 19 19 15 21 19 21 9 9 2 21 21 2 21 21 21 21 21 21 ************starting rec************ 
************completed************ 
sample12
************Reading sample 12 for word suresh Iteartion 3************ 
92 11 12 23 13 13 15 15 15 15 15 11 15 15 13 13 15 15 15 15 11 11 26 26 15 19 13 19 15 19 13 15 15 15 15 15 13 13 16 13 9 9 9 13 19 13 19 19 13 16 19 16 19 19 16 16 19 16 19 19 15 19 15 15 15 15 21 21 21 21 21 21 21 21 21 21 21 21 21 21 21 21 21 21 21 21 21 21 15 15 15 15 15 ************starting rec************ 
************completed************ 
sample13
************Reading sample 13 for word suresh Iteartion 3************ 
111 2 2 2 2 2 2 11 2 11 10 10 10 10 9 10 10 10 10 3 3 3 3 3 3 3 3 3 3 3 3 3 3 3 2 11 11 12 16 14 14 13 13 13 13 13 13 26 13 13 13 13 13 13 11 9 9 9 16 16 16 16 14 26 9 26 9 9 9 9 9 9 9 9 9 9 9 9 16 16 16 16 16 16 15 16 16 15 19 19 15 15 15 15 15 15 15 15 15 15 15 15 15 21 21 21 21 21 21 21 21 23 ************starting rec************ 
************completed************ 
sample14
************Reading sample 14 for word suresh Iteartion 3************ 
97 13 23 23 15 13 15 15 13 13 26 26 13 26 26 13 13 13 13 13 16 16 11 14 13 15 19 16 15 15 15 13 15 15 9 9 16 9 9 16 16 16 16 16 16 9 16 9 16 13 13 13 19 16 16 19 19 19 19 15 15 15 19 15 19 15 15 15 15 21 21 21 21 21 21 21 21 21 21 21 23 23 23 23 23 23 13 13 21 21 26 2 2 26 26 26 9 9 ************starting rec************ 
************completed************ 
sample15
************Reading sample 15 for word suresh Iteartion 3************ 
98 9 2 9 9 9 9 9 9 9 9 9 2 2 4 31 15 15 15 15 15 13 15 15 13 13 26 11 13 11 11 9 11 11 26 15 11 16 16 15 13 15 9 9 16 16 9 9 16 16 9 16 16 16 19 16 16 16 16 16 16 19 19 16 19 19 15 19 15 15 15 15 15 15 15 15 15 15 13 21 19 19 19 19 13 13 13 15 15 21 21 15 15 15 15 21 21 15 15 ************starting rec************ 
************completed************ 
sample16
************Reading sample 16 for word suresh Iteartion 3************ 
108 9 9 9 11 11 11 11 11 11 15 13 13 15 15 13 13 15 26 13 13 13 13 16 16 11 26 14 16 16 16 16 15 14 16 15 9 9 16 16 9 9 16 16 16 16 16 16 16 16 16 16 16 16 16 16 16 16 16 16 16 16 16 16 15 19 15 15 15 15 15 14 15 15 15 15 15 15 15 15 15 15 15 15 15 15 19 9 9 9 9 9 9 15 15 15 15 15 15 15 15 15 15 15 15 13 13 15 15 ************starting rec************ 
************completed************ 
sample17
************Reading sample 17 for word suresh Iteartion 3************ 
110 2 11 11 11 11 9 9 9 10 10 10 10 10 10 10 10 10 10 10 10 3 3 3 3 9 3 25 25 25 25 25 25 25 12 12 28 13 13 13 13 13 13 13 13 13 13 13 15 15 15 15 16 11 15 15 11 15 15 13 13 15 13 15 15 15 9 16 15 16 16 16 16 9 16 16 16 16 16 16 9 19 19 16 16 16 16 15 19 16 19 15 15 15 15 15 15 15 15 15 19 16 16 16 15 15 15 15 15 15 15 ************starting rec************ 
************completed************ 
sample18
************Reading sample 18 for word suresh Iteartion 3************ 
120 2 2 10 10 11 10 11 11 11 10 11 10 10 10 10 10 10 10 10 10 10 10 10 10 10 10 10 10 10 10 10 10 10 10 28 28 15 15 13 13 13 13 11 13 13 11 15 11 15 15 16 16 16 14 16 19 19 19 19 15 15 13 15 15 15 13 15 15 15 15 15 15 19 15 15 15 15 15 21 15 15 15 15 15 15 15 15 21 15 15 15 15 15 15 15 15 13 23 23 23 23 15 15 15 15 15 15 15 15 21 23 23 13 23 23 21 21 21 13 13 ************starting rec************ 
************completed************ 
sample19
************Reading sample 19 for word suresh Iteartion 3************ 
105 10 9 3 3 3 3 3 3 3 3 3 3 10 10 10 25 10 3 3 3 25 25 10 10 10 10 25 25 25 25 28 12 12 13 11 11 11 11 11 11 11 11 16 16 16 16 16 16 16 16 16 16 11 16 16 16 16 16 16 16 16 16 13 13 13 13 13 13 13 13 13 16 13 15 9 9 9 15 9 9 13 16 16 16 16 16 16 16 16 16 16 16 15 15 14 15 15 23 15 15 15 15 15 23 23 ************starting rec************ 
************completed************ 
sample20
************Reading sample 20 for word suresh Iteartion 3************ 
96 11 10 2 10 10 10 10 10 10 10 10 10 12 12 11 11 13 11 13 16 11 11 11 11 11 11 11 11 9 9 16 16 16 16 16 16 16 13 13 13 13 13 13 13 9 9 9 9 9 9 9 9 16 16 16 16 16 16 15 15 15 15 15 15 15 15 15 15 15 15 15 15 15 15 15 23 23 15 15 15 15 15 15 23 15 15 15 15 15 15 15 26 26 13 15 15 ************starting rec************ 
************completed************ 
************lambda saved************ 
trial4
sample1
************Reading sample 1 for word suresh Iteartion 4************ 
118 9 9 9 9 9 9 9 9 9 9 9 9 9 9 9 9 9 9 9 3 9 3 9 9 9 9 9 9 9 9 9 9 9 11 12 12 11 13 13 13 13 13 13 13 13 13 13 13 13 13 13 13 13 13 14 27 27 14 14 27 10 10 9 9 26 9 16 15 16 16 16 15 16 16 16 16 16 19 16 16 16 16 16 16 16 16 16 16 16 16 16 16 15 15 15 23 15 23 21 15 15 15 21 23 23 21 21 21 23 23 23 23 23 23 23 23 23 23 ************starting rec************ 
************completed************ 
sample2
************Reading sample 2 for word suresh Iteartion 4************ 
108 2 2 2 2 2 2 2 2 2 2 2 9 9 9 9 9 10 10 9 10 10 9 9 9 9 9 9 9 9 9 9 9 9 9 9 9 9 9 9 9 11 12 11 13 13 13 13 13 13 13 13 13 13 13 13 13 13 13 13 13 11 14 11 11 16 14 16 15 9 9 15 16 9 15 16 9 16 9 9 16 16 16 16 16 16 19 16 16 16 16 16 19 16 16 16 16 16 16 16 16 16 19 15 21 21 21 23 23 ************starting rec************ 
************completed************ 
sample3
************Reading sample 3 for word suresh Iteartion 4************ 
102 10 10 10 10 10 10 9 9 2 10 11 28 15 13 13 15 15 13 13 13 13 13 13 26 13 26 13 9 9 13 9 9 26 16 13 13 13 13 15 13 13 9 9 9 9 9 9 9 9 9 9 9 9 16 16 16 16 16 16 16 16 16 16 16 16 16 16 16 15 15 19 15 15 15 15 15 15 15 15 15 15 15 15 26 15 15 15 21 15 15 15 15 15 15 21 21 21 15 15 15 15 15 ************starting rec************ 
************completed************ 
sample4
************Reading sample 4 for word suresh Iteartion 4************ 
97 2 2 2 9 9 11 11 15 15 13 13 13 13 13 13 13 13 13 13 13 13 13 13 13 16 9 16 14 13 19 19 14 16 16 14 16 16 9 9 16 9 9 16 16 9 9 16 9 9 9 9 16 16 16 16 16 16 16 16 16 16 16 16 16 16 16 16 15 15 16 15 15 21 15 15 15 15 15 15 15 15 15 21 15 15 21 21 21 21 21 21 21 15 15 15 15 15 ************starting rec************ 
************completed************ 
sample5
************Reading sample 5 for word suresh Iteartion 4************ 
87 4 14 13 13 13 13 13 13 13 13 13 13 13 13 13 13 13 9 11 11 11 14 14 16 16 13 13 26 9 9 9 9 9 9 9 9 9 9 9 9 9 9 9 16 9 9 16 16 16 16 16 16 16 16 16 16 16 16 15 15 19 15 15 15 21 21 21 21 21 21 21 21 21 23 23 15 21 21 21 21 21 21 26 26 26 21 21 ************starting rec************ 
************completed************ 
sample6
************Reading sample 6 for word suresh Iteartion 4************ 
90 13 15 14 14 11 11 11 13 11 13 13 13 13 13 13 13 13 13 16 16 14 16 14 16 19 13 13 15 13 15 15 9 9 9 9 9 16 9 9 16 15 9 16 16 16 16 19 16 19 19 16 16 19 16 16 19 19 19 15 15 15 15 15 15 15 15 15 15 15 15 15 15 21 21 21 21 15 21 21 21 21 21 21 21 21 21 21 21 21 21 ************starting rec************ 
************completed************ 
sample7
************Reading sample 7 for word suresh Iteartion 4************ 
91 23 13 23 13 13 13 15 15 13 13 13 13 13 13 13 13 15 15 16 13 15 15 15 15 15 15 13 13 15 15 9 9 9 13 9 15 13 13 13 16 9 16 16 16 19 19 16 19 19 16 19 19 19 19 15 15 15 15 15 15 15 15 15 15 19 21 23 15 15 13 15 15 23 23 23 13 13 13 13 23 23 23 21 21 21 21 21 21 21 21 15 ************starting rec************ 
************completed************ 
sample8
************Reading sample 8 for word suresh Iteartion 4************ 
90 13 13 13 13 13 13 13 13 13 13 16 9 16 16 16 16 14 14 14 14 16 19 15 16 19 15 15 16 16 16 16 16 16 9 16 16 16 16 16 16 16 16 19 16 16 19 19 16 16 16 16 16 16 19 19 13 19 19 19 19 19 15 15 21 15 15 15 15 23 23 15 15 15 15 15 15 15 15 15 19 9 9 19 9 19 9 9 19 19 9 ************starting rec************ 
************completed************ 
sample9
************Reading sample 9 for word suresh Iteartion 4************ 
111 9 9 10 10 10 10 10 10 10 10 10 10 10 12 12 11 11 16 13 11 13 11 11 11 13 15 15 15 11 15 16 11 16 16 16 19 15 13 13 15 13 15 15 16 9 16 16 9 16 16 9 16 16 16 9 16 16 16 16 16 16 16 16 16 16 15 15 15 15 15 15 15 15 15 15 15 15 15 15 15 15 15 15 15 15 15 15 13 13 13 13 11 11 13 13 13 13 15 15 26 26 15 26 26 15 15 15 15 26 26 15 ************starting rec************ 
************completed************ 
sample10
************Reading sample 10 for word suresh Iteartion 4************ 
133 9 9 9 9 9 9 9 9 9 9 3 3 3 25 3 25 25 25 25 25 25 25 25 25 25 25 25 25 25 2 25 2 28 28 13 13 13 13 13 13 13 13 13 13 13 15 15 13 15 15 15 13 16 15 15 19 19 19 15 15 15 15 11 9 16 16 9 16 16 9 16 16 16 15 16 16 16 16 16 16 16 16 16 16 16 16 16 16 19 15 15 19 19 19 19 19 19 15 15 15 15 23 23 23 21 23 21 23 23 23 23 15 23 23 15 15 15 15 15 15 15 15 15 15 15 15 21 21 15 15 15 15 13 ************starting rec************ 
************completed************ 
sample11
************Reading sample 11 for word suresh Iteartion 4************ 
87 13 13 26 13 13 13 13 13 13 13 13 13 13 13 13 13 13 16 16 16 19 19 19 19 19 13 13 13 13 13 9 13 9 9 9 9 9 13 9 19 13 13 19 19 16 19 19 19 19 19 19 19 15 15 15 15 15 15 15 15 15 15 15 15 23 15 15 9 19 19 19 15 21 19 21 9 9 2 21 21 2 21 21 21 21 21 21 ************starting rec************ 
************completed************ 
sample12
************Reading sample 12 for word suresh Iteartion 4************ 
92 11 12 23 13 13 15 15 15 15 15 11 15 15 13 13 15 15 15 15 11 11 26 26 15 19 13 19 15 19 13 15 15 15 15 15 13 13 16 13 9 9 9 13 19 13 19 19 13 16 19 16 19 19 16 16 19 16 19 19 15 19 15 15 15 15 21 21 21 21 21 21 21 21 21 21 21 21 21 21 21 21 21 21 21 21 21 21 15 15 15 15 15 ************starting rec************ 
************completed************ 
sample13
************Reading sample 13 for word suresh Iteartion 4************ 
111 2 2 2 2 2 2 11 2 11 10 10 10 10 9 10 10 10 10 3 3 3 3 3 3 3 3 3 3 3 3 3 3 3 2 11 11 12 16 14 14 13 13 13 13 13 13 26 13 13 13 13 13 13 11 9 9 9 16 16 16 16 14 26 9 26 9 9 9 9 9 9 9 9 9 9 9 9 16 16 16 16 16 16 15 16 16 15 19 19 15 15 15 15 15 15 15 15 15 15 15 15 15 21 21 21 21 21 21 21 21 23 ************starting rec************ 
************completed************ 
sample14
************Reading sample 14 for word suresh Iteartion 4************ 
97 13 23 23 15 13 15 15 13 13 26 26 13 26 26 13 13 13 13 13 16 16 11 14 13 15 19 16 15 15 15 13 15 15 9 9 16 9 9 16 16 16 16 16 16 9 16 9 16 13 13 13 19 16 16 19 19 19 19 15 15 15 19 15 19 15 15 15 15 21 21 21 21 21 21 21 21 21 21 21 23 23 23 23 23 23 13 13 21 21 26 2 2 26 26 26 9 9 ************starting rec************ 
************completed************ 
sample15
************Reading sample 15 for word suresh Iteartion 4************ 
98 9 2 9 9 9 9 9 9 9 9 9 2 2 4 31 15 15 15 15 15 13 15 15 13 13 26 11 13 11 11 9 11 11 26 15 11 16 16 15 13 15 9 9 16 16 9 9 16 16 9 16 16 16 19 16 16 16 16 16 16 19 19 16 19 19 15 19 15 15 15 15 15 15 15 15 15 15 13 21 19 19 19 19 13 13 13 15 15 21 21 15 15 15 15 21 21 15 15 ************starting rec************ 
************completed************ 
sample16
************Reading sample 16 for word suresh Iteartion 4************ 
108 9 9 9 11 11 11 11 11 11 15 13 13 15 15 13 13 15 26 13 13 13 13 16 16 11 26 14 16 16 16 16 15 14 16 15 9 9 16 16 9 9 16 16 16 16 16 16 16 16 16 16 16 16 16 16 16 16 16 16 16 16 16 16 15 19 15 15 15 15 15 14 15 15 15 15 15 15 15 15 15 15 15 15 15 15 19 9 9 9 9 9 9 15 15 15 15 15 15 15 15 15 15 15 15 13 13 15 15 ************starting rec************ 
************completed************ 
sample17
************Reading sample 17 for word suresh Iteartion 4************ 
110 2 11 11 11 11 9 9 9 10 10 10 10 10 10 10 10 10 10 10 10 3 3 3 3 9 3 25 25 25 25 25 25 25 12 12 28 13 13 13 13 13 13 13 13 13 13 13 15 15 15 15 16 11 15 15 11 15 15 13 13 15 13 15 15 15 9 16 15 16 16 16 16 9 16 16 16 16 16 16 9 19 19 16 16 16 16 15 19 16 19 15 15 15 15 15 15 15 15 15 19 16 16 16 15 15 15 15 15 15 15 ************starting rec************ 
************completed************ 
sample18
************Reading sample 18 for word suresh Iteartion 4************ 
120 2 2 10 10 11 10 11 11 11 10 11 10 10 10 10 10 10 10 10 10 10 10 10 10 10 10 10 10 10 10 10 10 10 10 28 28 15 15 13 13 13 13 11 13 13 11 15 11 15 15 16 16 16 14 16 19 19 19 19 15 15 13 15 15 15 13 15 15 15 15 15 15 19 15 15 15 15 15 21 15 15 15 15 15 15 15 15 21 15 15 15 15 15 15 15 15 13 23 23 23 23 15 15 15 15 15 15 15 15 21 23 23 13 23 23 21 21 21 13 13 ************starting rec************ 
************completed************ 
sample19
************Reading sample 19 for word suresh Iteartion 4************ 
105 10 9 3 3 3 3 3 3 3 3 3 3 10 10 10 25 10 3 3 3 25 25 10 10 10 10 25 25 25 25 28 12 12 13 11 11 11 11 11 11 11 11 16 16 16 16 16 16 16 16 16 16 11 16 16 16 16 16 16 16 16 16 13 13 13 13 13 13 13 13 13 16 13 15 9 9 9 15 9 9 13 16 16 16 16 16 16 16 16 16 16 16 15 15 14 15 15 23 15 15 15 15 15 23 23 ************starting rec************ 
************completed************ 
sample20
************Reading sample 20 for word suresh Iteartion 4************ 
96 11 10 2 10 10 10 10 10 10 10 10 10 12 12 11 11 13 11 13 16 11 11 11 11 11 11 11 11 9 9 16 16 16 16 16 16 16 13 13 13 13 13 13 13 9 9 9 9 9 9 9 9 16 16 16 16 16 16 15 15 15 15 15 15 15 15 15 15 15 15 15 15 15 15 15 23 23 15 15 15 15 15 15 23 15 15 15 15 15 15 15 26 26 13 15 15 ************starting rec************ 
************completed************ 
************lambda saved************ 
starting detection
10 10 10 3 10 10 10 10 10 10 10 10 28 12 11 13 13 15 13 13 13 13 13 13 26 13 13 13 16 16 16 16 13 14 16 16 16 16 16 9 16 16 16 9 16 9 9 9 9 16 9 16 16 16 16 16 16 16 15 15 15 16 15 15 15 15 15 15 15 15 15 15 15 15 15 15 15 15 15 15 15 15 15 15 15 15 15 15 15 15 15 15 26 15 15 15 15 15 15 15 
read ritik	991919191Probability for recording being digit  ritik is -1.10871e-065
read divyaanushu	0909090Probability for recording being digit  divyaanushu is 5.86907e-202
read ram	9494949Probability for recording being digit  ram is 0
read jiraya	93849384Probability for recording being digit  jiraya is 0
read pradeep	18009349348Probability for recording being digit  pradeep is 1.36139e-189
read suresh	3457887Probability for recording being digit  suresh is 1.10872e-065
read vishal	4834537Probability for recording being digit  vishal is 3.14972e-138
**********Result for test:suresh 3457887*********
starting detection
10 10 2 2 28 28 4 31 4 29 4 4 4 4 4 28 4 27 31 4 4 4 4 4 27 27 27 27 26 11 26 26 26 15 15 15 15 15 15 26 26 28 28 26 26 26 15 15 15 15 15 15 15 15 26 11 11 2 2 2 2 2 1 1 1 1 1 1 1 1 1 1 1 1 1 1 1 1 1 1 1 1 1 1 1 1 1 1 2 2 2 2 2 2 2 
read ritik	991919191Probability for recording being digit  ritik is -1.3627e-141
read divyaanushu	0909090Probability for recording being digit  divyaanushu is 0
read ram	9494949Probability for recording being digit  ram is 0
read jiraya	93849384Probability for recording being digit  jiraya is 0
read pradeep	18009349348Probability for recording being digit  pradeep is 0
read suresh	3457887Probability for recording being digit  suresh is 0
read vishal	4834537Probability for recording being digit  vishal is 1.3627e-141
**********Result for test:vishal 4834537*********
starting detection
4 31 31 31 31 31 4 31 28 28 28 28 28 28 28 28 28 28 28 28 15 15 16 15 16 16 16 16 16 16 16 15 15 16 16 13 13 13 13 13 13 13 13 13 13 13 2 9 2 9 2 1 9 9 9 9 9 9 9 9 9 9 9 9 9 9 9 9 9 9 9 9 9 9 9 9 9 9 9 9 9 2 2 2 2 2 2 2 2 2 1 1 1 2 2 2 2 1 2 2 2 2 
read ritik	991919191Probability for recording being digit  ritik is -1.81446e-104
read divyaanushu	0909090Probability for recording being digit  divyaanushu is 1.89906e-245
read ram	9494949Probability for recording being digit  ram is 0
read jiraya	93849384Probability for recording being digit  jiraya is 0
read pradeep	18009349348Probability for recording being digit  pradeep is 0
read suresh	3457887Probability for recording being digit  suresh is 1.9397e-288
read vishal	4834537Probability for recording being digit  vishal is 1.81446e-104
**********Result for test:vishal 4834537*********
