4.799387 
4.519492 
3.204366 
2.758737 
2.228647 
3.884877 
6.353905 
7.637130 
7.658411 
6.578043 
4.953158 
4.291703 
4.342728 
4.257433 
4.619425 
4.369262 
3.762476 
4.724141 
4.034063 
3.923490 
5.011085 
4.413453 
6.564987 
6.412734 
5.935108 
5.174256 
3.087082 
4.634849 
8.009456 
12.932394 
17.150166 
22.927419 
22.793773 
18.700877 
16.143141 
14.400369 
16.180765 
18.040245 
20.274678 
20.220402 
19.510032 
22.221678 
19.748442 
18.736824 
16.277948 
17.713560 
18.822464 
18.184714 
22.609945 
22.531226 
62.069282 
7955.713628 
11228.673184 
11253.307251 
11210.598815 
3071.890773 
104.302304 
1146.137380 
3590.785501 
3623.048009 
3571.611765 
2504.394385 
60.789872 
25.343650 
20.025456 
18.933153 
17.628301 
16.894032 
18.329624 
18.398815 
20.671841 
18.255832 
20.375119 
23.159388 
19.568006 
20.521582 
21.433172 
18.677967 
18.261240 
19.936057 
16.544262 
19.402324 
22.004807 
21.191214 
20.877622 
18.610990 
20.121149 
19.174237 
18.634273 
18.973327 
19.019330 
19.201231 
20.591358 
20.452419 
17.788358 
16.617776 
17.191270 
15.566568 
16.733411 
17.274515 
15.200695 
17.221610 
14.752121 
14.182759 
16.526720 
16.330296 
15.990495 
15.839403 
14.059945 
12.515245 
16.337476 
16.133065 
17.891731 
17.423931 
13.918197 
15.417307 
13.002296 
13.395768 
13.887007 
12.984476 
12.890054 
14.903321 
16.198068 
15.094079 
14.643956 
13.461613 
13.296658 
13.874602 
15.898911 
15.107183 
13.139613 
13.589756 
12.960175 
14.720585 
14.873585 
14.284619 
13.499419 
13.898001 
14.406484 
14.564709 
14.730534 
12.254883 
12.893122 
12.914987 
12.131110 
14.065917 
13.449976 
12.220259 
13.651605 
11.774209 
10.968169 
12.416520 
11.250043 
10.597905 
11.451394 
11.159456 
11.602697 
12.521217 
12.284015 
11.286804 
10.244771 
9.879481 
10.478301 
11.340217 
11.293285 
11.677860 
10.737245 
10.956091 
12.573422 
13.108689 
12.584408 
12.167470 
10.559551 
10.394357 
11.499121 
12.078301 
12.998700 
13.000397 
14.033947 
13.573192 
12.323978 
11.570585 
12.635703 
12.634917 
12.711383 
14.531599 
12.046197 
14.144703 
16.143610 
14.526346 
14.420490 
11.472770 
11.325091 
13.376001 
14.103071 
14.373891 
13.525310 
11.581877 
10.933546 
12.742605 
15.651462 
16.224928 
15.840964 
14.584091 
12.400905 
11.757040 
13.879740 
14.232874 
13.070164 
13.527832 
11.909619 
14.095633 
14.296217 
14.378023 
15.907998 
14.022282 
13.579020 
14.469520 
12.114959 
11.456321 
12.659408 
12.472993 
14.369560 
13.248164 
16.462206 
15.638394 
13.344636 
15.661661 
13.395768 
15.032664 
15.494004 
12.850186 
12.630967 
10.701740 
11.847751 
11.879672 
10.471610 
10.666223 
12.485203 
12.610807 
11.905296 
12.086383 
11.053063 
10.368678 
12.040754 
12.404509 
11.476068 
12.864029 
11.298068 
12.723346 
11.704950 
11.907298 
12.570987 
10.040178 
10.086852 
8.894175 
10.006838 
9.618408 
10.820681 
11.823537 
10.425436 
11.122580 
11.111459 
10.687130 
10.161967 
8.928484 
7.449900 
9.537360 
10.833641 
11.069886 
11.149976 
9.073184 
7.866961 
8.621698 
9.571304 
10.229136 
10.156714 
9.746610 
9.614315 
8.771725 
9.989498 
11.032644 
10.622004 
10.212476 
9.749765 
10.009992 
10.187686 
10.227093 
9.858669 
8.725091 
9.316377 
9.570585 
9.178579 
10.791310 
9.838942 
9.789824 
10.924391 
10.148001 
11.114057 
11.316004 
10.429855 
11.002765 
9.906945 
11.559945 
11.839172 
11.556321 
11.859551 
10.572818 
11.539268 
11.966683 
12.356877 
12.284198 
12.008248 
12.566242 
11.856551 
13.131388 
12.849304 
14.850282 
14.609110 
15.351680 
15.756599 
12.798835 
15.930554 
14.654088 
14.409667 
14.381321 
14.234714 
15.812666 
15.493475 
16.942287 
15.782251 
14.086478 
17.788962 
15.049276 
15.861172 
15.954271 
14.202296 
16.295307 
16.688846 
17.029183 
16.865829 
15.502813 
14.502276 
15.109484 
13.318074 
14.381992 
14.314200 
14.665706 
17.097886 
17.042220 
15.446725 
14.064315 
12.893849 
13.391616 
14.193773 
14.834504 
14.128762 
13.830641 
15.792613 
14.549535 
12.921284 
10.594636 
8.853695 
11.119377 
13.052669 
746.463102 
17283.342043 
245199.531189 
456639.542383 
728348.312790 
1100316.604148 
1286172.156940 
1502295.634066 
1637178.802880 
1773829.445488 
1821934.610775 
1702694.241240 
1787771.057145 
1711230.744793 
1613743.960579 
1689416.224413 
1824363.438379 
1909883.485176 
2216934.957600 
2377785.515363 
2325842.232991 
3095599.803000 
4520381.213977 
5254263.633457 
8067405.124319 
10262683.602096 
10541002.560035 
12245102.519035 
13757467.861503 
14602891.617351 
14011570.734551 
14398865.732080 
11622781.649913 
8596604.142615 
7797546.124022 
5624950.110184 
4226210.812289 
4879883.110236 
6089048.429220 
8201686.348937 
11130745.350917 
15365522.331694 
17853132.695335 
19564184.305889 
22106503.972227 
19204043.070397 
17067193.831497 
14950421.463339 
13895449.499309 
14187390.427577 
14229270.809331 
15622390.991257 
14047661.089767 
13631138.107407 
14107268.115676 
13597035.640440 
14008839.272747 
12764764.132737 
14231614.714584 
14502612.322892 
13324270.169932 
15657013.981327 
15439935.108451 
14223453.944429 
13886704.645139 
12968635.338671 
12094033.667732 
11242585.833822 
12156848.347043 
12199259.641261 
11103350.859794 
10850164.833746 
11086996.734589 
9213819.526352 
7951016.011754 
7835792.506170 
6392366.362649 
6043597.644973 
7541768.082987 
9331268.637076 
10137669.538949 
10699410.127238 
9183428.579088 
7662143.099872 
5535522.360335 
4169173.913540 
3822029.375028 
2711950.232640 
2716497.152856 
2445593.348250 
1923025.177865 
1476777.749527 
1228434.628532 
1044188.071878 
877269.308198 
634794.553645 
454744.341702 
273036.655085 
248886.540163 
218028.904129 
211868.071556 
180362.926098 
135239.272162 
141333.427870 
103209.989288 
92303.188069 
75886.428715 
57982.521539 
44160.071784 
31480.143866 
25443.663240 
17568.440750 
18089.591039 
16804.778857 
16850.362807 
14521.172584 
12856.694675 
10946.742648 
6964.194089 
4770.979167 
2936.336062 
2443.016369 
2089.325341 
1610.711860 
1448.812408 
1461.229287 
1144.975293 
957.685588 
663.656142 
284.479588 
278.005975 
348.159063 
380.954354 
370.282287 
355.843793 
273.096976 
195.514911 
135.421622 
62.936153 
13.626116 
6.195029 
4.612015 
4.798307 
5.163433 
5.139478 
4.935338 
4.875043 
5.093400 
4.957759 
4.752650 
4.177813 
3.976950 
5.093936 
5.493312 
5.200397 
4.702324 
3.962245 
3.439613 
4.157740 
4.741223 
4.642565 
4.586383 
4.433804 
4.118793 
3.870029 
4.644195 
4.103532 
3.874535 
4.074094 
3.763616 
4.009110 
4.777582 
4.237964 
4.139776 
3.849419 
3.641520 
3.768054 
3.353091 
3.102113 
2.530574 
2.754040 
3.279596 
3.450206 
3.875512 
3.609388 
3.177093 
3.091846 
2.964057 
3.003532 
3.635012 
3.462428 
3.538799 
3.472186 
2.982692 
3.690571 
3.239919 
3.851931 
3.877650 
3.550349 
3.579692 
3.509456 
3.574256 
3.633248 
3.837734 
3.303254 
3.445748 
3.809829 
3.794703 
4.057529 
3.548700 
3.530669 
3.815217 
3.616866 
3.399650 
3.811268 
3.506762 
3.653858 
4.255832 
3.408478 
