30 27.000000 27.000000 27.000000 27.000000 4.000000 4.000000 4.000000 4.000000 4.000000 4.000000 4.000000 4.000000 4.000000 4.000000 4.000000 4.000000 4.000000 4.000000 4.000000 4.000000 4.000000 4.000000 4.000000 4.000000 4.000000 4.000000 4.000000 4.000000 4.000000 4.000000 
67 11.000000 11.000000 11.000000 11.000000 12.000000 12.000000 12.000000 4.000000 31.000000 31.000000 12.000000 11.000000 12.000000 12.000000 12.000000 14.000000 11.000000 11.000000 11.000000 14.000000 14.000000 27.000000 10.000000 9.000000 9.000000 27.000000 3.000000 3.000000 3.000000 3.000000 3.000000 3.000000 3.000000 1.000000 3.000000 3.000000 3.000000 3.000000 3.000000 1.000000 1.000000 1.000000 1.000000 1.000000 1.000000 1.000000 1.000000 1.000000 1.000000 1.000000 1.000000 3.000000 3.000000 3.000000 3.000000 3.000000 3.000000 3.000000 3.000000 3.000000 3.000000 27.000000 27.000000 27.000000 27.000000 27.000000 2.000000 
58 24.000000 24.000000 31.000000 4.000000 4.000000 31.000000 31.000000 31.000000 26.000000 9.000000 9.000000 10.000000 2.000000 3.000000 3.000000 3.000000 3.000000 3.000000 3.000000 3.000000 3.000000 1.000000 1.000000 1.000000 1.000000 1.000000 1.000000 1.000000 1.000000 1.000000 1.000000 1.000000 1.000000 3.000000 3.000000 3.000000 3.000000 3.000000 3.000000 3.000000 3.000000 2.000000 2.000000 11.000000 11.000000 2.000000 4.000000 4.000000 3.000000 3.000000 3.000000 3.000000 3.000000 3.000000 25.000000 25.000000 25.000000 3.000000 
61 15.000000 16.000000 17.000000 17.000000 17.000000 17.000000 17.000000 12.000000 12.000000 12.000000 12.000000 28.000000 31.000000 14.000000 12.000000 11.000000 15.000000 14.000000 14.000000 14.000000 14.000000 23.000000 10.000000 10.000000 10.000000 9.000000 25.000000 2.000000 5.000000 5.000000 1.000000 1.000000 1.000000 3.000000 3.000000 1.000000 1.000000 1.000000 1.000000 1.000000 1.000000 1.000000 1.000000 1.000000 1.000000 1.000000 1.000000 3.000000 3.000000 3.000000 3.000000 3.000000 3.000000 3.000000 27.000000 27.000000 27.000000 11.000000 27.000000 27.000000 4.000000 
60 16.000000 17.000000 16.000000 16.000000 16.000000 12.000000 12.000000 12.000000 24.000000 29.000000 31.000000 31.000000 31.000000 14.000000 12.000000 11.000000 11.000000 11.000000 11.000000 11.000000 11.000000 11.000000 26.000000 26.000000 26.000000 2.000000 2.000000 3.000000 3.000000 3.000000 3.000000 3.000000 3.000000 3.000000 3.000000 3.000000 3.000000 3.000000 3.000000 3.000000 3.000000 3.000000 3.000000 3.000000 1.000000 3.000000 3.000000 3.000000 3.000000 3.000000 3.000000 3.000000 3.000000 27.000000 27.000000 27.000000 27.000000 27.000000 27.000000 27.000000 
62 16.000000 17.000000 16.000000 16.000000 16.000000 12.000000 12.000000 11.000000 12.000000 4.000000 14.000000 31.000000 14.000000 13.000000 14.000000 14.000000 14.000000 14.000000 14.000000 14.000000 14.000000 2.000000 2.000000 2.000000 2.000000 2.000000 3.000000 3.000000 3.000000 3.000000 3.000000 3.000000 3.000000 3.000000 1.000000 1.000000 1.000000 1.000000 1.000000 1.000000 1.000000 3.000000 1.000000 1.000000 1.000000 1.000000 1.000000 3.000000 3.000000 3.000000 3.000000 3.000000 3.000000 3.000000 3.000000 4.000000 11.000000 11.000000 11.000000 11.000000 11.000000 4.000000 
30 10.000000 11.000000 11.000000 11.000000 27.000000 11.000000 11.000000 27.000000 27.000000 27.000000 27.000000 10.000000 10.000000 10.000000 10.000000 27.000000 27.000000 2.000000 2.000000 2.000000 27.000000 27.000000 27.000000 27.000000 27.000000 27.000000 27.000000 10.000000 11.000000 11.000000 
59 12.000000 12.000000 12.000000 31.000000 31.000000 31.000000 28.000000 12.000000 4.000000 11.000000 31.000000 5.000000 2.000000 2.000000 9.000000 2.000000 3.000000 3.000000 3.000000 3.000000 3.000000 3.000000 3.000000 3.000000 1.000000 1.000000 1.000000 1.000000 1.000000 1.000000 1.000000 1.000000 1.000000 1.000000 1.000000 1.000000 1.000000 1.000000 3.000000 3.000000 3.000000 3.000000 2.000000 2.000000 2.000000 11.000000 11.000000 11.000000 27.000000 11.000000 2.000000 2.000000 3.000000 3.000000 3.000000 3.000000 3.000000 3.000000 3.000000 
62 31.000000 31.000000 12.000000 31.000000 12.000000 28.000000 14.000000 14.000000 14.000000 9.000000 9.000000 9.000000 11.000000 4.000000 2.000000 3.000000 3.000000 3.000000 3.000000 3.000000 3.000000 3.000000 3.000000 3.000000 1.000000 3.000000 1.000000 1.000000 1.000000 1.000000 1.000000 3.000000 3.000000 3.000000 3.000000 3.000000 3.000000 3.000000 3.000000 3.000000 3.000000 3.000000 3.000000 3.000000 11.000000 11.000000 11.000000 27.000000 3.000000 3.000000 3.000000 3.000000 3.000000 3.000000 3.000000 3.000000 3.000000 3.000000 3.000000 3.000000 4.000000 2.000000 
62 16.000000 16.000000 12.000000 12.000000 12.000000 12.000000 12.000000 12.000000 12.000000 14.000000 12.000000 31.000000 31.000000 4.000000 12.000000 14.000000 12.000000 12.000000 28.000000 28.000000 10.000000 10.000000 9.000000 11.000000 3.000000 3.000000 3.000000 3.000000 3.000000 3.000000 3.000000 3.000000 3.000000 3.000000 3.000000 3.000000 3.000000 3.000000 1.000000 3.000000 3.000000 3.000000 3.000000 3.000000 3.000000 3.000000 3.000000 3.000000 3.000000 3.000000 3.000000 3.000000 3.000000 3.000000 27.000000 27.000000 27.000000 11.000000 27.000000 11.000000 27.000000 27.000000 
66 14.000000 13.000000 11.000000 11.000000 11.000000 9.000000 27.000000 3.000000 3.000000 3.000000 3.000000 3.000000 3.000000 3.000000 3.000000 3.000000 3.000000 3.000000 3.000000 3.000000 3.000000 3.000000 3.000000 3.000000 3.000000 3.000000 3.000000 3.000000 3.000000 3.000000 3.000000 3.000000 3.000000 3.000000 3.000000 3.000000 3.000000 3.000000 3.000000 27.000000 27.000000 27.000000 27.000000 27.000000 3.000000 3.000000 3.000000 3.000000 3.000000 3.000000 3.000000 2.000000 3.000000 3.000000 3.000000 3.000000 5.000000 5.000000 5.000000 5.000000 5.000000 21.000000 21.000000 15.000000 15.000000 15.000000 
67 17.000000 16.000000 17.000000 12.000000 12.000000 11.000000 11.000000 11.000000 11.000000 12.000000 11.000000 12.000000 12.000000 12.000000 12.000000 12.000000 12.000000 11.000000 14.000000 12.000000 12.000000 14.000000 11.000000 11.000000 11.000000 9.000000 27.000000 2.000000 5.000000 5.000000 5.000000 1.000000 3.000000 3.000000 1.000000 1.000000 1.000000 1.000000 1.000000 1.000000 1.000000 1.000000 1.000000 1.000000 1.000000 1.000000 1.000000 1.000000 1.000000 1.000000 1.000000 3.000000 3.000000 3.000000 3.000000 3.000000 5.000000 5.000000 4.000000 4.000000 3.000000 4.000000 27.000000 11.000000 3.000000 3.000000 3.000000 
68 16.000000 19.000000 19.000000 13.000000 17.000000 17.000000 23.000000 13.000000 17.000000 11.000000 11.000000 12.000000 11.000000 31.000000 31.000000 11.000000 11.000000 13.000000 13.000000 2.000000 2.000000 2.000000 2.000000 11.000000 11.000000 11.000000 11.000000 2.000000 5.000000 5.000000 5.000000 3.000000 3.000000 3.000000 1.000000 3.000000 1.000000 1.000000 3.000000 1.000000 1.000000 1.000000 1.000000 1.000000 1.000000 1.000000 1.000000 1.000000 1.000000 1.000000 3.000000 1.000000 3.000000 3.000000 3.000000 3.000000 3.000000 3.000000 3.000000 3.000000 3.000000 11.000000 27.000000 11.000000 27.000000 3.000000 3.000000 3.000000 
30 27.000000 27.000000 27.000000 27.000000 27.000000 27.000000 3.000000 25.000000 27.000000 27.000000 27.000000 27.000000 27.000000 27.000000 27.000000 3.000000 2.000000 3.000000 4.000000 4.000000 3.000000 3.000000 3.000000 3.000000 3.000000 3.000000 3.000000 3.000000 3.000000 3.000000 
65 3.000000 3.000000 3.000000 3.000000 3.000000 3.000000 3.000000 3.000000 3.000000 3.000000 3.000000 3.000000 3.000000 3.000000 1.000000 3.000000 3.000000 3.000000 3.000000 3.000000 3.000000 3.000000 3.000000 3.000000 3.000000 3.000000 3.000000 27.000000 11.000000 11.000000 27.000000 27.000000 27.000000 3.000000 3.000000 3.000000 3.000000 3.000000 3.000000 3.000000 3.000000 3.000000 3.000000 3.000000 7.000000 7.000000 7.000000 7.000000 7.000000 2.000000 2.000000 2.000000 21.000000 15.000000 15.000000 15.000000 19.000000 19.000000 19.000000 19.000000 19.000000 19.000000 19.000000 19.000000 19.000000 
66 14.000000 14.000000 14.000000 10.000000 10.000000 9.000000 11.000000 11.000000 11.000000 3.000000 3.000000 3.000000 3.000000 3.000000 3.000000 3.000000 3.000000 3.000000 1.000000 1.000000 1.000000 1.000000 1.000000 1.000000 1.000000 1.000000 3.000000 3.000000 3.000000 3.000000 3.000000 3.000000 3.000000 3.000000 3.000000 3.000000 3.000000 3.000000 3.000000 3.000000 3.000000 27.000000 11.000000 11.000000 27.000000 4.000000 3.000000 3.000000 3.000000 3.000000 3.000000 3.000000 3.000000 3.000000 3.000000 3.000000 3.000000 3.000000 3.000000 3.000000 3.000000 3.000000 25.000000 2.000000 21.000000 21.000000 
68 17.000000 17.000000 13.000000 11.000000 12.000000 11.000000 12.000000 12.000000 12.000000 12.000000 12.000000 31.000000 31.000000 4.000000 31.000000 14.000000 14.000000 14.000000 14.000000 14.000000 14.000000 12.000000 14.000000 27.000000 11.000000 11.000000 27.000000 3.000000 3.000000 3.000000 3.000000 3.000000 3.000000 3.000000 3.000000 3.000000 3.000000 3.000000 3.000000 3.000000 3.000000 3.000000 3.000000 3.000000 3.000000 3.000000 3.000000 3.000000 3.000000 3.000000 3.000000 3.000000 3.000000 3.000000 3.000000 3.000000 3.000000 3.000000 3.000000 3.000000 27.000000 27.000000 27.000000 27.000000 27.000000 10.000000 10.000000 3.000000 
68 17.000000 16.000000 16.000000 12.000000 12.000000 12.000000 12.000000 12.000000 11.000000 11.000000 12.000000 31.000000 4.000000 12.000000 12.000000 12.000000 16.000000 11.000000 16.000000 11.000000 11.000000 11.000000 10.000000 27.000000 2.000000 27.000000 27.000000 3.000000 3.000000 3.000000 3.000000 3.000000 3.000000 3.000000 3.000000 3.000000 1.000000 3.000000 3.000000 3.000000 1.000000 3.000000 3.000000 3.000000 3.000000 3.000000 3.000000 3.000000 3.000000 3.000000 3.000000 3.000000 3.000000 3.000000 3.000000 3.000000 3.000000 27.000000 27.000000 27.000000 9.000000 10.000000 10.000000 27.000000 3.000000 3.000000 3.000000 3.000000 
71 16.000000 16.000000 16.000000 16.000000 16.000000 11.000000 11.000000 11.000000 11.000000 12.000000 12.000000 11.000000 12.000000 12.000000 12.000000 31.000000 12.000000 14.000000 12.000000 12.000000 12.000000 12.000000 12.000000 11.000000 11.000000 11.000000 11.000000 11.000000 9.000000 11.000000 2.000000 3.000000 5.000000 3.000000 3.000000 3.000000 3.000000 3.000000 3.000000 3.000000 3.000000 3.000000 3.000000 3.000000 3.000000 3.000000 3.000000 3.000000 3.000000 3.000000 3.000000 3.000000 3.000000 3.000000 3.000000 3.000000 3.000000 3.000000 3.000000 3.000000 3.000000 3.000000 27.000000 11.000000 27.000000 27.000000 27.000000 2.000000 3.000000 3.000000 3.000000 
69 27.000000 4.000000 4.000000 26.000000 4.000000 4.000000 28.000000 27.000000 28.000000 27.000000 28.000000 27.000000 2.000000 11.000000 11.000000 11.000000 11.000000 11.000000 16.000000 16.000000 16.000000 16.000000 13.000000 12.000000 13.000000 12.000000 13.000000 13.000000 11.000000 11.000000 11.000000 12.000000 12.000000 12.000000 28.000000 12.000000 4.000000 31.000000 4.000000 31.000000 31.000000 31.000000 14.000000 4.000000 4.000000 14.000000 2.000000 9.000000 9.000000 9.000000 11.000000 2.000000 3.000000 3.000000 5.000000 5.000000 3.000000 3.000000 3.000000 3.000000 3.000000 3.000000 3.000000 1.000000 1.000000 3.000000 1.000000 3.000000 3.000000 
