81 2.000000 2.000000 2.000000 2.000000 2.000000 2.000000 2.000000 2.000000 2.000000 2.000000 2.000000 2.000000 2.000000 27.000000 2.000000 27.000000 11.000000 11.000000 26.000000 11.000000 11.000000 26.000000 11.000000 28.000000 28.000000 28.000000 11.000000 11.000000 11.000000 11.000000 11.000000 11.000000 11.000000 9.000000 11.000000 9.000000 9.000000 9.000000 11.000000 9.000000 11.000000 11.000000 11.000000 11.000000 10.000000 10.000000 10.000000 10.000000 10.000000 11.000000 11.000000 11.000000 11.000000 11.000000 14.000000 11.000000 4.000000 11.000000 11.000000 10.000000 27.000000 28.000000 10.000000 11.000000 11.000000 11.000000 11.000000 9.000000 9.000000 9.000000 9.000000 9.000000 9.000000 11.000000 11.000000 11.000000 11.000000 11.000000 11.000000 11.000000 11.000000 
51 28.000000 27.000000 27.000000 27.000000 27.000000 27.000000 27.000000 27.000000 10.000000 27.000000 27.000000 27.000000 26.000000 26.000000 26.000000 9.000000 9.000000 9.000000 9.000000 11.000000 11.000000 11.000000 11.000000 11.000000 11.000000 26.000000 26.000000 11.000000 11.000000 11.000000 11.000000 11.000000 11.000000 11.000000 10.000000 14.000000 11.000000 11.000000 11.000000 11.000000 27.000000 27.000000 27.000000 27.000000 27.000000 27.000000 27.000000 11.000000 11.000000 11.000000 11.000000 
40 13.000000 13.000000 14.000000 11.000000 11.000000 11.000000 11.000000 4.000000 26.000000 26.000000 9.000000 9.000000 26.000000 26.000000 15.000000 15.000000 2.000000 2.000000 25.000000 25.000000 27.000000 27.000000 27.000000 28.000000 27.000000 11.000000 11.000000 28.000000 27.000000 27.000000 11.000000 11.000000 9.000000 9.000000 11.000000 9.000000 9.000000 9.000000 9.000000 26.000000 
31 10.000000 4.000000 11.000000 9.000000 9.000000 9.000000 9.000000 9.000000 9.000000 9.000000 9.000000 9.000000 11.000000 11.000000 11.000000 11.000000 16.000000 11.000000 15.000000 11.000000 11.000000 11.000000 11.000000 15.000000 16.000000 11.000000 11.000000 11.000000 9.000000 9.000000 16.000000 
23 12.000000 2.000000 9.000000 9.000000 9.000000 9.000000 9.000000 9.000000 9.000000 15.000000 11.000000 11.000000 11.000000 11.000000 11.000000 11.000000 11.000000 11.000000 11.000000 16.000000 16.000000 16.000000 16.000000 
27 10.000000 12.000000 27.000000 27.000000 9.000000 9.000000 9.000000 9.000000 9.000000 9.000000 9.000000 9.000000 9.000000 11.000000 27.000000 11.000000 11.000000 11.000000 9.000000 11.000000 16.000000 11.000000 11.000000 11.000000 11.000000 11.000000 11.000000 
29 10.000000 12.000000 10.000000 11.000000 9.000000 9.000000 9.000000 9.000000 9.000000 9.000000 9.000000 9.000000 9.000000 11.000000 11.000000 11.000000 11.000000 11.000000 9.000000 10.000000 9.000000 11.000000 11.000000 11.000000 10.000000 9.000000 9.000000 9.000000 9.000000 
26 9.000000 9.000000 9.000000 26.000000 9.000000 11.000000 26.000000 26.000000 11.000000 27.000000 27.000000 27.000000 27.000000 27.000000 11.000000 27.000000 27.000000 27.000000 27.000000 27.000000 27.000000 27.000000 4.000000 4.000000 31.000000 31.000000 
38 10.000000 10.000000 10.000000 9.000000 9.000000 9.000000 9.000000 9.000000 26.000000 26.000000 27.000000 26.000000 27.000000 26.000000 27.000000 11.000000 11.000000 11.000000 11.000000 11.000000 11.000000 10.000000 11.000000 11.000000 11.000000 9.000000 11.000000 11.000000 11.000000 11.000000 11.000000 11.000000 11.000000 10.000000 10.000000 10.000000 10.000000 10.000000 
38 10.000000 10.000000 10.000000 26.000000 9.000000 9.000000 9.000000 9.000000 11.000000 11.000000 11.000000 11.000000 11.000000 11.000000 11.000000 11.000000 11.000000 11.000000 11.000000 11.000000 11.000000 11.000000 9.000000 9.000000 9.000000 9.000000 9.000000 10.000000 11.000000 9.000000 9.000000 9.000000 11.000000 11.000000 11.000000 11.000000 11.000000 11.000000 
28 10.000000 10.000000 9.000000 26.000000 26.000000 26.000000 9.000000 15.000000 15.000000 10.000000 9.000000 11.000000 11.000000 11.000000 11.000000 11.000000 27.000000 27.000000 11.000000 11.000000 11.000000 11.000000 11.000000 11.000000 11.000000 9.000000 9.000000 27.000000 
30 10.000000 10.000000 10.000000 9.000000 9.000000 9.000000 9.000000 9.000000 9.000000 9.000000 9.000000 9.000000 27.000000 11.000000 11.000000 11.000000 11.000000 11.000000 11.000000 11.000000 9.000000 9.000000 9.000000 9.000000 9.000000 9.000000 9.000000 9.000000 9.000000 10.000000 
17 11.000000 26.000000 26.000000 11.000000 26.000000 27.000000 13.000000 13.000000 27.000000 27.000000 4.000000 4.000000 4.000000 4.000000 4.000000 4.000000 4.000000 
21 10.000000 9.000000 9.000000 11.000000 11.000000 11.000000 11.000000 26.000000 27.000000 27.000000 27.000000 27.000000 27.000000 27.000000 27.000000 27.000000 25.000000 4.000000 4.000000 4.000000 4.000000 
81 25.000000 2.000000 2.000000 2.000000 2.000000 2.000000 2.000000 25.000000 25.000000 25.000000 25.000000 25.000000 25.000000 25.000000 25.000000 25.000000 25.000000 25.000000 25.000000 4.000000 15.000000 16.000000 16.000000 14.000000 14.000000 31.000000 31.000000 16.000000 16.000000 16.000000 16.000000 10.000000 10.000000 10.000000 9.000000 9.000000 9.000000 26.000000 26.000000 26.000000 26.000000 26.000000 26.000000 26.000000 26.000000 27.000000 11.000000 10.000000 27.000000 27.000000 27.000000 27.000000 27.000000 27.000000 27.000000 27.000000 26.000000 27.000000 26.000000 27.000000 26.000000 27.000000 27.000000 27.000000 27.000000 27.000000 10.000000 10.000000 10.000000 28.000000 10.000000 26.000000 26.000000 26.000000 26.000000 26.000000 26.000000 26.000000 26.000000 26.000000 26.000000 
22 11.000000 11.000000 9.000000 9.000000 9.000000 9.000000 9.000000 9.000000 11.000000 11.000000 11.000000 11.000000 27.000000 27.000000 27.000000 27.000000 27.000000 27.000000 27.000000 27.000000 27.000000 27.000000 
28 10.000000 10.000000 10.000000 26.000000 9.000000 26.000000 9.000000 9.000000 9.000000 9.000000 26.000000 26.000000 11.000000 27.000000 27.000000 11.000000 11.000000 11.000000 11.000000 11.000000 11.000000 27.000000 11.000000 9.000000 11.000000 9.000000 9.000000 9.000000 
27 12.000000 12.000000 11.000000 11.000000 11.000000 11.000000 9.000000 9.000000 9.000000 9.000000 11.000000 11.000000 11.000000 11.000000 27.000000 27.000000 27.000000 27.000000 27.000000 27.000000 27.000000 27.000000 27.000000 27.000000 27.000000 27.000000 27.000000 
52 14.000000 11.000000 11.000000 11.000000 11.000000 14.000000 28.000000 26.000000 26.000000 26.000000 26.000000 26.000000 26.000000 10.000000 10.000000 9.000000 9.000000 9.000000 9.000000 9.000000 9.000000 9.000000 26.000000 26.000000 26.000000 26.000000 26.000000 26.000000 26.000000 9.000000 9.000000 11.000000 11.000000 27.000000 11.000000 27.000000 10.000000 26.000000 11.000000 11.000000 11.000000 11.000000 11.000000 11.000000 11.000000 11.000000 9.000000 9.000000 11.000000 11.000000 11.000000 11.000000 
36 2.000000 25.000000 3.000000 25.000000 25.000000 25.000000 2.000000 27.000000 28.000000 28.000000 28.000000 4.000000 2.000000 26.000000 15.000000 15.000000 26.000000 26.000000 26.000000 11.000000 11.000000 11.000000 9.000000 9.000000 9.000000 9.000000 9.000000 26.000000 11.000000 11.000000 11.000000 11.000000 11.000000 11.000000 27.000000 11.000000 
