52 4.000000 29.000000 29.000000 7.000000 4.000000 7.000000 7.000000 7.000000 7.000000 7.000000 7.000000 4.000000 4.000000 4.000000 7.000000 3.000000 3.000000 3.000000 3.000000 3.000000 3.000000 3.000000 3.000000 27.000000 27.000000 3.000000 3.000000 3.000000 3.000000 3.000000 3.000000 3.000000 3.000000 3.000000 3.000000 3.000000 3.000000 3.000000 3.000000 3.000000 3.000000 9.000000 3.000000 3.000000 10.000000 10.000000 10.000000 10.000000 10.000000 10.000000 9.000000 10.000000 
62 27.000000 4.000000 4.000000 7.000000 4.000000 7.000000 3.000000 3.000000 3.000000 3.000000 7.000000 3.000000 7.000000 3.000000 5.000000 5.000000 5.000000 3.000000 3.000000 3.000000 3.000000 3.000000 3.000000 3.000000 25.000000 25.000000 3.000000 3.000000 2.000000 2.000000 2.000000 2.000000 3.000000 3.000000 3.000000 3.000000 3.000000 3.000000 3.000000 3.000000 3.000000 3.000000 3.000000 3.000000 3.000000 3.000000 3.000000 3.000000 3.000000 3.000000 3.000000 3.000000 3.000000 27.000000 11.000000 27.000000 11.000000 11.000000 12.000000 4.000000 4.000000 4.000000 
57 2.000000 29.000000 6.000000 7.000000 7.000000 7.000000 7.000000 5.000000 3.000000 5.000000 5.000000 5.000000 5.000000 5.000000 5.000000 5.000000 5.000000 5.000000 5.000000 3.000000 3.000000 3.000000 3.000000 3.000000 10.000000 9.000000 10.000000 10.000000 10.000000 10.000000 2.000000 9.000000 9.000000 3.000000 2.000000 1.000000 9.000000 1.000000 9.000000 1.000000 2.000000 2.000000 2.000000 2.000000 2.000000 9.000000 3.000000 2.000000 2.000000 2.000000 2.000000 27.000000 2.000000 4.000000 11.000000 27.000000 4.000000 
55 4.000000 4.000000 7.000000 7.000000 7.000000 3.000000 5.000000 5.000000 7.000000 5.000000 5.000000 5.000000 5.000000 5.000000 5.000000 5.000000 5.000000 3.000000 3.000000 3.000000 3.000000 3.000000 3.000000 3.000000 3.000000 2.000000 2.000000 2.000000 2.000000 9.000000 9.000000 9.000000 9.000000 9.000000 9.000000 9.000000 2.000000 3.000000 3.000000 9.000000 2.000000 9.000000 9.000000 9.000000 9.000000 2.000000 2.000000 2.000000 2.000000 2.000000 2.000000 4.000000 4.000000 4.000000 4.000000 
59 4.000000 23.000000 6.000000 29.000000 6.000000 6.000000 7.000000 7.000000 7.000000 7.000000 7.000000 4.000000 4.000000 7.000000 7.000000 4.000000 7.000000 7.000000 7.000000 3.000000 3.000000 3.000000 3.000000 3.000000 3.000000 27.000000 27.000000 2.000000 3.000000 3.000000 3.000000 3.000000 3.000000 3.000000 3.000000 3.000000 3.000000 3.000000 3.000000 3.000000 3.000000 3.000000 3.000000 3.000000 3.000000 3.000000 3.000000 3.000000 3.000000 3.000000 11.000000 11.000000 11.000000 11.000000 29.000000 29.000000 4.000000 4.000000 4.000000 
58 4.000000 6.000000 6.000000 2.000000 5.000000 5.000000 5.000000 3.000000 5.000000 3.000000 3.000000 3.000000 7.000000 7.000000 7.000000 7.000000 7.000000 3.000000 3.000000 1.000000 3.000000 3.000000 3.000000 3.000000 3.000000 3.000000 3.000000 27.000000 3.000000 3.000000 2.000000 2.000000 9.000000 9.000000 9.000000 9.000000 2.000000 9.000000 2.000000 9.000000 9.000000 9.000000 9.000000 9.000000 9.000000 10.000000 10.000000 2.000000 3.000000 27.000000 3.000000 27.000000 27.000000 27.000000 4.000000 11.000000 13.000000 4.000000 
58 29.000000 4.000000 29.000000 7.000000 7.000000 7.000000 7.000000 7.000000 7.000000 4.000000 7.000000 7.000000 7.000000 7.000000 7.000000 7.000000 7.000000 7.000000 3.000000 3.000000 3.000000 3.000000 3.000000 3.000000 3.000000 3.000000 4.000000 2.000000 4.000000 3.000000 3.000000 3.000000 3.000000 3.000000 3.000000 3.000000 3.000000 3.000000 3.000000 3.000000 3.000000 3.000000 1.000000 1.000000 5.000000 13.000000 13.000000 13.000000 13.000000 2.000000 2.000000 2.000000 2.000000 2.000000 2.000000 2.000000 29.000000 6.000000 
61 4.000000 4.000000 29.000000 29.000000 6.000000 6.000000 7.000000 5.000000 7.000000 7.000000 7.000000 7.000000 7.000000 7.000000 7.000000 7.000000 7.000000 7.000000 7.000000 3.000000 3.000000 3.000000 3.000000 3.000000 3.000000 3.000000 2.000000 4.000000 27.000000 4.000000 2.000000 2.000000 2.000000 9.000000 9.000000 9.000000 9.000000 3.000000 3.000000 3.000000 3.000000 3.000000 9.000000 3.000000 3.000000 3.000000 3.000000 3.000000 3.000000 2.000000 2.000000 2.000000 2.000000 2.000000 2.000000 2.000000 4.000000 4.000000 4.000000 4.000000 4.000000 
59 4.000000 29.000000 29.000000 6.000000 7.000000 7.000000 7.000000 7.000000 3.000000 3.000000 7.000000 7.000000 7.000000 7.000000 7.000000 3.000000 7.000000 7.000000 4.000000 3.000000 3.000000 3.000000 2.000000 2.000000 2.000000 2.000000 2.000000 2.000000 2.000000 2.000000 2.000000 2.000000 2.000000 2.000000 3.000000 3.000000 3.000000 3.000000 3.000000 3.000000 3.000000 3.000000 3.000000 3.000000 3.000000 3.000000 3.000000 3.000000 2.000000 3.000000 27.000000 2.000000 2.000000 4.000000 4.000000 29.000000 29.000000 4.000000 4.000000 
59 22.000000 6.000000 6.000000 6.000000 6.000000 6.000000 6.000000 7.000000 3.000000 3.000000 7.000000 3.000000 7.000000 4.000000 7.000000 7.000000 7.000000 3.000000 3.000000 7.000000 7.000000 7.000000 4.000000 7.000000 7.000000 7.000000 2.000000 2.000000 4.000000 2.000000 4.000000 4.000000 13.000000 13.000000 13.000000 13.000000 13.000000 13.000000 13.000000 13.000000 13.000000 13.000000 13.000000 2.000000 2.000000 3.000000 3.000000 3.000000 2.000000 2.000000 27.000000 27.000000 2.000000 2.000000 6.000000 4.000000 4.000000 4.000000 4.000000 
61 4.000000 7.000000 6.000000 6.000000 7.000000 7.000000 7.000000 7.000000 7.000000 7.000000 7.000000 7.000000 7.000000 7.000000 7.000000 7.000000 7.000000 7.000000 7.000000 7.000000 7.000000 3.000000 7.000000 2.000000 7.000000 2.000000 2.000000 2.000000 3.000000 3.000000 3.000000 3.000000 3.000000 3.000000 3.000000 3.000000 3.000000 3.000000 3.000000 3.000000 3.000000 3.000000 3.000000 3.000000 3.000000 3.000000 3.000000 3.000000 3.000000 3.000000 3.000000 4.000000 4.000000 4.000000 27.000000 29.000000 29.000000 4.000000 4.000000 4.000000 4.000000 
52 4.000000 4.000000 4.000000 4.000000 25.000000 25.000000 4.000000 4.000000 7.000000 7.000000 7.000000 4.000000 7.000000 7.000000 4.000000 4.000000 7.000000 7.000000 7.000000 7.000000 7.000000 7.000000 4.000000 4.000000 4.000000 7.000000 4.000000 7.000000 7.000000 4.000000 4.000000 27.000000 2.000000 2.000000 3.000000 3.000000 3.000000 3.000000 2.000000 9.000000 2.000000 9.000000 3.000000 3.000000 3.000000 2.000000 3.000000 3.000000 2.000000 2.000000 2.000000 2.000000 
57 4.000000 7.000000 7.000000 7.000000 7.000000 5.000000 5.000000 3.000000 3.000000 3.000000 7.000000 7.000000 7.000000 7.000000 7.000000 7.000000 3.000000 3.000000 3.000000 3.000000 3.000000 3.000000 3.000000 3.000000 3.000000 3.000000 2.000000 2.000000 2.000000 3.000000 3.000000 3.000000 3.000000 3.000000 1.000000 1.000000 3.000000 3.000000 3.000000 3.000000 3.000000 3.000000 3.000000 3.000000 3.000000 3.000000 3.000000 2.000000 3.000000 27.000000 27.000000 27.000000 27.000000 2.000000 4.000000 4.000000 4.000000 
57 29.000000 29.000000 7.000000 7.000000 7.000000 3.000000 3.000000 3.000000 3.000000 3.000000 7.000000 7.000000 7.000000 3.000000 3.000000 3.000000 3.000000 3.000000 3.000000 3.000000 3.000000 3.000000 3.000000 3.000000 2.000000 27.000000 25.000000 2.000000 3.000000 3.000000 3.000000 3.000000 3.000000 3.000000 1.000000 1.000000 1.000000 3.000000 5.000000 5.000000 5.000000 5.000000 5.000000 5.000000 6.000000 5.000000 6.000000 2.000000 5.000000 6.000000 2.000000 2.000000 4.000000 4.000000 29.000000 29.000000 29.000000 
53 8.000000 29.000000 7.000000 7.000000 7.000000 4.000000 7.000000 7.000000 4.000000 7.000000 7.000000 7.000000 7.000000 3.000000 3.000000 3.000000 3.000000 7.000000 3.000000 3.000000 3.000000 3.000000 2.000000 7.000000 7.000000 3.000000 3.000000 3.000000 3.000000 3.000000 3.000000 3.000000 3.000000 1.000000 1.000000 3.000000 3.000000 3.000000 3.000000 10.000000 9.000000 9.000000 9.000000 9.000000 10.000000 10.000000 10.000000 2.000000 2.000000 2.000000 2.000000 2.000000 2.000000 
59 4.000000 29.000000 7.000000 7.000000 3.000000 3.000000 3.000000 3.000000 3.000000 3.000000 3.000000 3.000000 7.000000 7.000000 7.000000 7.000000 3.000000 3.000000 3.000000 3.000000 3.000000 3.000000 3.000000 3.000000 3.000000 3.000000 3.000000 2.000000 3.000000 3.000000 3.000000 3.000000 3.000000 3.000000 3.000000 3.000000 3.000000 3.000000 3.000000 3.000000 5.000000 5.000000 13.000000 13.000000 13.000000 2.000000 2.000000 2.000000 2.000000 2.000000 13.000000 6.000000 6.000000 29.000000 29.000000 6.000000 29.000000 29.000000 29.000000 
59 4.000000 29.000000 7.000000 7.000000 7.000000 3.000000 3.000000 3.000000 3.000000 3.000000 3.000000 3.000000 3.000000 7.000000 3.000000 7.000000 3.000000 3.000000 3.000000 3.000000 3.000000 3.000000 3.000000 3.000000 3.000000 2.000000 2.000000 2.000000 2.000000 3.000000 3.000000 3.000000 3.000000 3.000000 3.000000 3.000000 3.000000 1.000000 1.000000 1.000000 3.000000 1.000000 3.000000 2.000000 2.000000 2.000000 5.000000 5.000000 5.000000 5.000000 6.000000 6.000000 6.000000 6.000000 4.000000 29.000000 4.000000 29.000000 4.000000 
64 4.000000 4.000000 29.000000 29.000000 7.000000 7.000000 3.000000 3.000000 5.000000 3.000000 3.000000 3.000000 7.000000 7.000000 3.000000 3.000000 7.000000 3.000000 3.000000 3.000000 7.000000 3.000000 3.000000 3.000000 3.000000 3.000000 3.000000 3.000000 3.000000 2.000000 2.000000 3.000000 3.000000 3.000000 3.000000 3.000000 3.000000 3.000000 3.000000 3.000000 3.000000 3.000000 3.000000 3.000000 3.000000 3.000000 3.000000 3.000000 3.000000 3.000000 3.000000 3.000000 3.000000 3.000000 2.000000 2.000000 5.000000 6.000000 2.000000 4.000000 4.000000 29.000000 4.000000 29.000000 
59 4.000000 7.000000 4.000000 7.000000 7.000000 3.000000 3.000000 3.000000 3.000000 3.000000 7.000000 7.000000 7.000000 7.000000 7.000000 7.000000 7.000000 3.000000 3.000000 3.000000 3.000000 3.000000 3.000000 3.000000 3.000000 3.000000 3.000000 2.000000 3.000000 3.000000 3.000000 3.000000 3.000000 3.000000 3.000000 3.000000 3.000000 3.000000 3.000000 3.000000 3.000000 3.000000 3.000000 1.000000 3.000000 3.000000 3.000000 3.000000 3.000000 2.000000 3.000000 27.000000 27.000000 4.000000 2.000000 4.000000 4.000000 4.000000 4.000000 
62 4.000000 4.000000 7.000000 7.000000 3.000000 3.000000 3.000000 7.000000 3.000000 7.000000 4.000000 7.000000 7.000000 7.000000 3.000000 7.000000 3.000000 3.000000 4.000000 4.000000 4.000000 2.000000 3.000000 3.000000 3.000000 3.000000 3.000000 3.000000 3.000000 3.000000 3.000000 3.000000 3.000000 3.000000 3.000000 3.000000 3.000000 3.000000 3.000000 3.000000 3.000000 1.000000 1.000000 1.000000 1.000000 3.000000 3.000000 3.000000 3.000000 3.000000 2.000000 13.000000 13.000000 2.000000 13.000000 2.000000 2.000000 2.000000 27.000000 13.000000 4.000000 29.000000 
