***********Printing pi****************
0.999997 2.75846e-008 1.37515e-006 9.26458e-008 1.01387e-006 
***********Printing A***********
0.609115 0.390885 0 0 0 
0 0.657634 0.342366 0 0 
0 0 0.562391 0.437609 0 
0 0 0 0.743713 0.256287 
0 0 0 0 1 
***********Printing B***********
0.357233 0.394853 0.151062 9.5e-031 0.0968513 1e-030 1e-030 1e-030 1e-030 1e-030 9.5e-031 1e-030 1e-030 1e-030 1e-030 1e-030 1e-030 1e-030 1e-030 1e-030 1e-030 1e-030 1e-030 1e-030 1e-030 1e-030 9.5e-031 1e-030 1e-030 1e-030 1e-030 1e-030 
0.0604921 0.15 0.652292 9.5e-031 0.0872155 1e-030 1e-030 1e-030 9e-031 1e-030 9e-031 1e-030 8e-031 1e-030 1e-030 1e-030 1e-030 1e-030 1e-030 1e-030 1e-030 1e-030 1e-030 1e-030 9.5e-031 1e-030 0.05 1e-030 1e-030 1e-030 1e-030 1e-030 
8.5e-031 0.507921 0.207991 0.05 0.0875 9.5e-031 1e-030 1e-030 0.0166667 1e-030 7e-031 1e-030 0.0625 9.5e-031 1e-030 1e-030 1e-030 1e-030 1e-030 1e-030 1e-030 1e-030 9.5e-031 1e-030 0.0674215 1e-030 9.5e-031 1e-030 1e-030 1e-030 1e-030 1e-030 
0.05 0.25 6e-031 9.5e-031 9.5e-031 0.0134936 1e-030 1e-030 0.217703 1e-030 0.217362 9e-031 0.210042 6.55165e-031 9e-031 0.00370664 0.00769231 1e-030 9e-031 0.005 1e-030 1e-030 0.025 1e-030 9.5e-031 1e-030 1e-030 1e-030 1e-030 1e-030 1e-030 1e-030 
9.5e-031 0.334248 9e-031 0.00185185 1e-030 9.5e-031 1e-030 1e-030 7.5e-031 1e-030 0.0134113 0.00649225 0.0633643 0.135078 0.0446466 0.0632602 0.00232558 0.00328065 0.00785449 0.00555911 0.17165 0.0134473 0.111913 0.00603624 0.000862069 0.0114386 0.00142857 1e-030 0.00185185 1e-030 1e-030 1e-030 
