***********Printing pi****************
1 1.00615e-244 0 0 0 
***********Printing A***********
0.730149 0.269851 0 0 0 
0 0.504202 0.495798 0 0 
0 0 0.76314 0.23686 0 
0 0 0 0.948653 0.051347 
0 0 0 0 1 
***********Printing B***********
1e-030 1e-030 1e-030 0.110697 1e-030 1e-030 1e-030 1e-030 1e-030 9.5e-031 0.0333333 0.02625 1e-030 0.0606939 0.0559015 0.0570818 1e-030 1e-030 1e-030 1e-030 1e-030 1e-030 1e-030 0.00841047 1e-030 1e-030 0.0625 0.198206 1e-030 1e-030 0.386925 1e-030 
1e-030 1e-030 1e-030 0.0130355 1e-030 1e-030 1e-030 1e-030 1e-030 0.05 0.294845 0.121931 1e-030 0.272759 0.0166667 0.0952001 1e-030 1e-030 1e-030 1e-030 1e-030 1e-030 1e-030 0.018955 1e-030 0.05 8e-031 0.0666076 1e-030 1e-030 3.49931e-017 1e-030 
1e-030 9.5e-031 1e-030 0.0409628 1e-030 1e-030 1e-030 1e-030 0.00703205 9.5e-031 0.222528 0.0152394 9.5e-031 0.0404817 0.0782414 0.501717 1e-030 1e-030 1e-030 1e-030 1e-030 1e-030 1e-030 9.5e-031 1e-030 9e-031 0.0866544 5.71635e-007 1e-030 1e-030 0.00714286 1e-030 
1e-030 0.0217857 9.5e-031 0.0575573 1e-030 1e-030 1e-030 1e-030 0.0113639 9.5e-031 0.283881 0.0140688 0.0213039 0.0376634 0.0352374 0.0394202 1e-030 1e-030 1e-030 1e-030 1e-030 1e-030 1e-030 1e-030 0.005 0.0411906 0.121501 0.121126 1e-030 1e-030 0.188901 1e-030 
1e-030 0.101305 0.0149059 0.206477 1e-030 1e-030 0.00151515 1e-030 0.123548 0.00208886 0.0739953 0.00114742 0.00153037 0.0121447 0.0659065 0.00339447 1e-030 1e-030 0.0051375 1e-030 0.0422884 1e-030 1e-030 1e-030 0.00837224 0.0135716 0.150641 0.0375127 0.00207638 0.00119707 0.129977 0.00126849 
