***********Printing pi****************
1 0 0 0 0 
***********Printing A***********
0.676528 0.323472 0 0 0 
0 0.771247 0.228753 0 0 
0 0 0.909865 0.0901346 0 
0 0 0 0.929052 0.0709479 
0 0 0 0 1 
***********Printing B***********
1e-030 0.149572 1e-030 0.0266667 1e-030 1e-030 1e-030 1e-030 0.0185614 0.106189 0.0180664 1e-030 1e-030 1e-030 0.00625 0.0118164 1e-030 1e-030 1e-030 1e-030 1e-030 1e-030 1e-030 1e-030 0.156937 0.0255352 0.424156 0.05625 1e-030 1e-030 1e-030 1e-030 
1e-030 0.0827218 1e-030 1e-030 1e-030 1e-030 1e-030 1e-030 0.321665 0.285559 0.00454545 1e-030 0.05 0.00975887 1.10139e-010 0.00975887 1e-030 1e-030 1e-030 1e-030 1e-030 1e-030 1e-030 1e-030 6.5e-031 0.160685 0.0753053 1e-030 1e-030 1e-030 1e-030 1e-030 
1e-030 0.354657 1e-030 9.5e-031 1e-030 1e-030 1e-030 1e-030 0.380742 0.042546 0.00218144 1e-030 6.5e-031 9e-031 9.5e-031 9.5e-031 1e-030 1e-030 1e-030 1e-030 1e-030 1e-030 9.5e-031 1e-030 0.0549485 0.117863 0.0470619 1e-030 1e-030 1e-030 1e-030 1e-030 
1e-030 0.140853 0.00192558 0.016997 1e-030 1e-030 1e-030 1e-030 0.0697307 0.0210776 0.146608 1e-030 0.204238 0.0235193 1.61723e-056 0.00346376 1e-030 1e-030 1e-030 1e-030 1e-030 1e-030 0.00121871 1e-030 0.00192558 0.0901061 0.273336 0.005 1e-030 1e-030 1e-030 1e-030 
1e-030 8e-031 1e-030 0.00108696 1e-030 1e-030 1e-030 1e-030 1e-030 1e-030 0.0199271 0.00611655 7.5e-031 0.0581878 0.854737 0.0227106 1e-030 1e-030 1e-030 1e-030 0.00947511 1e-030 1e-030 0.011726 1e-030 6.5e-031 7.5e-031 0.00108696 1e-030 1e-030 0.0149456 1e-030 
