***********Printing pi****************
1 1.24046e-189 0 0 0 
***********Printing A***********
0.673023 0.326977 0 0 0 
0 0.751746 0.248254 0 0 
0 0 0.814376 0.185624 0 
0 0 0 0.831639 0.168361 
0 0 0 0 1 
***********Printing B***********
1e-030 0.0173591 1e-030 1e-030 1e-030 1e-030 1e-030 1e-030 8e-031 0.0346639 0.053109 1e-030 7e-031 0.0125 0.361935 0.1 1e-030 1e-030 1e-030 1e-030 0.0663114 9.5e-031 9.5e-031 1e-030 0.194644 0.116464 0.0430135 1e-030 1e-030 1e-030 1e-030 1e-030 
9.5e-031 0.140638 1e-030 1e-030 1e-030 1e-030 1e-030 1e-030 0.119184 9e-031 0.0159219 1e-030 0.0706112 0.0335599 0.137914 5.90284e-026 1e-030 1e-030 1e-030 1e-030 0.040163 0.05 0.0285714 1e-030 0.00357143 0.359864 9.5e-031 9.5e-031 1e-030 1e-030 1e-030 1e-030 
9.5e-031 0.0104615 9e-031 9.5e-031 1e-030 1e-030 1e-030 1e-030 0.155761 0.0344538 0.0629767 9.5e-031 0.442884 9e-031 0.171735 9.5e-031 1e-030 1e-030 1e-030 1e-030 9e-031 9.5e-031 0.005 1e-030 0.0595385 0.0271894 0.02 0.01 1e-030 1e-030 1e-030 1e-030 
0.138749 0.67074 0.0764093 0.0123813 9.5e-031 1e-030 1e-030 1e-030 0.00993522 9e-031 0.00651863 0.0260745 0.00416667 0.0123837 0.0324071 0.00436962 1e-030 1e-030 1e-030 1e-030 1e-030 1e-030 0.00586512 1e-030 9.5e-031 8e-031 9e-031 9e-031 1e-030 1e-030 1e-030 1e-030 
0.018103 0.038837 0.600324 0.25312 0.00201927 1e-030 0.00906472 1e-030 0.00177069 1e-030 0.0105947 1e-030 0.00177069 9e-031 0.0261196 0.00629557 1e-030 1e-030 1e-030 1e-030 1e-030 1e-030 9.5e-031 1e-030 0.00160437 0.0231559 0.00199107 0.00522892 1e-030 1e-030 1e-030 1e-030 
