***********Printing pi****************
1 0 0 0 0 
***********Printing A***********
0.666264 0.333736 0 0 0 
0 0.844659 0.155341 0 0 
0 0 0.920822 0.0791781 0 
0 0 0 0.942645 0.0573547 
0 0 0 0 1 
***********Printing B***********
1e-030 0.249863 0.202336 0.0841667 1e-030 1e-030 1e-030 1e-030 0.0432104 0.133042 7.5e-031 0.00916667 1e-030 1e-030 1e-030 1e-030 1e-030 1e-030 1e-030 1e-030 1e-030 1e-030 1e-030 1e-030 0.234223 0.00509871 0.0388936 9e-031 1e-030 1e-030 1e-030 1e-030 
1e-030 0.080867 9e-031 8.5e-031 1e-030 1e-030 1e-030 1e-030 0.0541253 0.298268 0.0959961 0.0448112 9.5e-031 8.5e-031 9.5e-031 1e-030 1e-030 1e-030 1e-030 1e-030 1e-030 1e-030 1e-030 1e-030 0.0299648 0.035785 0.338458 0.0217241 1e-030 1e-030 1e-030 1e-030 
9.5e-031 0.0548791 1e-030 9e-031 1e-030 1e-030 1e-030 1e-030 0.0612991 0.107301 0.00550182 8.5e-031 0.0215104 0.012238 8.5e-031 9.5e-031 1e-030 1e-030 1e-030 1e-030 1e-030 1e-030 1e-030 1e-030 0.0499346 0.0916549 0.49166 0.1 1e-030 1e-030 0.00402045 1e-030 
0.0125 0.0463889 9.5e-031 0.0220232 1e-030 1e-030 1e-030 1e-030 8.5e-031 6e-031 0.209418 9e-031 0.00405229 0.312883 0.0956656 0.0174739 1e-030 1e-030 1e-030 1e-030 0.00493135 9.5e-031 1.80594e-023 0.00136451 0.00222222 0.0310407 0.109424 0.0568455 1e-030 1e-030 0.0737665 1e-030 
0.0302995 0.093926 0.0462658 9.5e-031 1e-030 1e-030 1e-030 1e-030 0.0393611 0.00428633 0.00376808 0.00125603 0.2874 0.00719429 0.0377996 9.5e-031 1e-030 1e-030 0.00143428 1e-030 0.0285057 0.00190507 0.271311 1e-030 0.0178309 0.120161 9.5e-031 0.00729506 1e-030 1e-030 9.5e-031 1e-030 
