***********Printing pi****************
1 1.48826e-139 0 0 0 
***********Printing A***********
0.66755 0.33245 0 0 0 
0 0.64237 0.35763 0 0 
0 0 0.806515 0.193485 0 
0 0 0 0.783239 0.216761 
0 0 0 0 1 
***********Printing B***********
1e-030 0.1 1e-030 0.00729018 1e-030 1e-030 1e-030 1e-030 0.025 0.00833333 0.0625 1e-030 8e-031 0.0640601 0.163505 0.0152154 1e-030 1e-030 9.5e-031 9.5e-031 0.257914 0.0166667 0.0583333 1e-030 9.5e-031 1e-030 0.118794 0.102388 1e-030 1e-030 9.5e-031 1e-030 
9.5e-031 0.174485 0.00760938 0.0595762 1e-030 1e-030 1e-030 1e-030 4.5e-031 9.5e-031 0.0135529 0.00958333 0.162935 8.5e-031 0.28309 2.95559e-007 1e-030 1e-030 0.0249999 0.0249999 0.0603114 9.5e-031 0.00659826 1e-030 0.00760938 0.00333333 0.0043437 0.0611071 1e-030 1e-030 0.0958642 1e-030 
9.5e-031 0.129184 9e-031 0.00400678 1e-030 1e-030 1e-030 1e-030 0.337196 0.00305379 0.022064 9.5e-031 0.05 0.0323661 0.193362 0.12481 1e-030 1e-030 9.5e-031 7.25566e-030 0.0501272 9.5e-031 8.5e-031 1e-030 9.5e-031 8.5e-031 0.0105312 0.0336207 1e-030 1e-030 0.00967899 1e-030 
4e-031 0.195632 9e-031 9.5e-031 0.0142978 1e-030 1e-030 1e-030 0.0530234 1e-030 0.198006 1e-030 0.278511 9e-031 0.166897 0.0138849 1e-030 1e-030 9.5e-031 9.5e-031 0.00555556 9.5e-031 0.0138054 1e-030 1e-030 0.0603864 1e-030 9e-031 1e-030 1e-030 1e-030 1e-030 
0.245987 0.113236 0.0957914 0.233759 0.0170609 1e-030 0.00330446 1e-030 0.0895271 1e-030 5.5e-031 1e-030 0.0476707 0.00776099 0.00258621 0.000431034 1e-030 1e-030 0.000431034 9.5e-031 0.00603448 9.5e-031 0.00481795 0.000862069 0.000862069 0.00454221 0.00771187 0.0143336 0.0139284 1e-030 0.0893623 1e-030 
